Hidden layer Architecture [1025, 512, 5]
epoch: 500
Training
              precision    recall  f1-score   support

           1    0.89548   0.86989   0.88250      2029
           2    0.71790   0.67458   0.69557      2105
           3    0.55943   0.58147   0.57023      1878
           4    0.46713   0.57335   0.51482      1636
           5    0.80966   0.71981   0.76210      2352

    accuracy                        0.69080     10000
   macro avg    0.68992   0.68382   0.68504     10000
weighted avg    0.70473   0.69080   0.69604     10000

Testing
              precision    recall  f1-score   support

           1    0.88646   0.89823   0.89231       226
           2    0.68687   0.66019   0.67327       206
           3    0.53769   0.57219   0.55440       187
           4    0.47594   0.49444   0.48501       180
           5    0.71123   0.66169   0.68557       201

    accuracy                        0.66800      1000
   macro avg    0.65964   0.65735   0.65811      1000
weighted avg    0.67101   0.66800   0.66913      1000




