Hidden layer Architecture [1025, 512, 256, 128, 64, 5]
epoch: 500
Training
              precision    recall  f1-score   support

           1    0.00000   0.00000   0.00000         0
           2    0.00000   0.00000   0.00000         0
           3    0.00000   0.00000   0.00000         0
           4    0.00000   0.00000   0.00000         0
           5    1.00000   0.20910   0.34588     10000

    accuracy                        0.20910     10000
   macro avg    0.20000   0.04182   0.06918     10000
weighted avg    1.00000   0.20910   0.34588     10000

Testing
              precision    recall  f1-score   support

           1    0.00000   0.00000   0.00000         0
           2    0.00000   0.00000   0.00000         0
           3    0.00000   0.00000   0.00000         0
           4    0.00000   0.00000   0.00000         0
           5    1.00000   0.18700   0.31508      1000

    accuracy                        0.18700      1000
   macro avg    0.20000   0.03740   0.06302      1000
weighted avg    1.00000   0.18700   0.31508      1000




