Hidden layer Architecture [1025, 512, 256, 128, 5]
epoch: 500
Training
              precision    recall  f1-score   support

           1    0.00000   0.00000   0.00000         0
           2    0.00000   0.00000   0.00000         0
           3    0.00000   0.00000   0.00000         0
           4    0.00000   0.00000   0.00000         0
           5    1.00000   0.20910   0.34588     10000

    accuracy                        0.20910     10000
   macro avg    0.20000   0.04182   0.06918     10000
weighted avg    1.00000   0.20910   0.34588     10000

Testing
              precision    recall  f1-score   support

           1    0.00000   0.00000   0.00000         0
           2    0.00000   0.00000   0.00000         0
           3    0.00000   0.00000   0.00000         0
           4    0.00000   0.00000   0.00000         0
           5    1.00000   0.18700   0.31508      1000

    accuracy                        0.18700      1000
   macro avg    0.20000   0.03740   0.06302      1000
weighted avg    1.00000   0.18700   0.31508      1000




Hidden layer Architecture [1025, 512, 256, 128, 5]
epoch: 1000
Training
              precision    recall  f1-score   support

           1    0.93303   0.64144   0.76023      2867
           2    0.35440   0.47720   0.40673      1469
           3    0.26998   0.45826   0.33978      1150
           4    0.25149   0.40530   0.31039      1246
           5    0.87040   0.55692   0.67923      3268

    accuracy                        0.53920     10000
   macro avg    0.53586   0.50782   0.49927     10000
weighted avg    0.66639   0.53920   0.57743     10000

Testing
              precision    recall  f1-score   support

           1    0.89956   0.68896   0.78030       299
           2    0.34848   0.45098   0.39316       153
           3    0.24623   0.44144   0.31613       111
           4    0.26738   0.38462   0.31546       130
           5    0.83957   0.51140   0.63563       307

    accuracy                        0.53100      1000
   macro avg    0.52025   0.49548   0.48814      1000
weighted avg    0.64213   0.53100   0.56470      1000




Hidden layer Architecture [1025, 512, 256, 128, 5]
epoch: 1500
Training
              precision    recall  f1-score   support

           1    0.89346   0.82290   0.85673      2140
           2    0.62083   0.63726   0.62894      1927
           3    0.46721   0.51265   0.48888      1779
           4    0.38596   0.45535   0.41779      1702
           5    0.75753   0.64600   0.69734      2452

    accuracy                        0.62600     10000
   macro avg    0.62500   0.61483   0.61793     10000
weighted avg    0.64539   0.62600   0.63360     10000

Testing
              precision    recall  f1-score   support

           1    0.89520   0.83673   0.86498       245
           2    0.57071   0.61081   0.59008       185
           3    0.46734   0.55357   0.50681       168
           4    0.43850   0.45055   0.44444       182
           5    0.73262   0.62273   0.67322       220

    accuracy                        0.63000      1000
   macro avg    0.62087   0.61488   0.61591      1000
weighted avg    0.64440   0.63000   0.63523      1000




Hidden layer Architecture [1025, 512, 256, 128, 5]
epoch: 2000
Training
              precision    recall  f1-score   support

           1    0.89802   0.85260   0.87472      2076
           2    0.66127   0.66974   0.66548      1953
           3    0.50359   0.53922   0.52079      1823
           4    0.41982   0.48034   0.44805      1755
           5    0.76231   0.66611   0.71097      2393

    accuracy                        0.64980     10000
   macro avg    0.64900   0.64160   0.64400     10000
weighted avg    0.66348   0.64980   0.65527     10000

Testing
              precision    recall  f1-score   support

           1    0.89956   0.87288   0.88602       236
           2    0.61616   0.64211   0.62887       190
           3    0.47236   0.54971   0.50811       171
           4    0.50267   0.47236   0.48705       199
           5    0.72193   0.66176   0.69054       204

    accuracy                        0.65100      1000
   macro avg    0.64254   0.63976   0.64012      1000
weighted avg    0.65745   0.65100   0.65326      1000




Hidden layer Architecture [1025, 512, 256, 128, 5]
epoch: 2500
Training
              precision    recall  f1-score   support

           1    0.90005   0.86284   0.88105      2056
           2    0.67947   0.68397   0.68171      1965
           3    0.51998   0.54776   0.53351      1853
           4    0.43725   0.48914   0.46174      1795
           5    0.75945   0.68125   0.71823      2331

    accuracy                        0.65990     10000
   macro avg    0.65924   0.65299   0.65525     10000
weighted avg    0.67043   0.65990   0.66426     10000

Testing
              precision    recall  f1-score   support

           1    0.90830   0.88511   0.89655       235
           2    0.64141   0.66492   0.65296       191
           3    0.50251   0.57143   0.53476       175
           4    0.50802   0.47980   0.49351       198
           5    0.71123   0.66169   0.68557       201

    accuracy                        0.66300      1000
   macro avg    0.65429   0.65259   0.65267      1000
weighted avg    0.66745   0.66300   0.66450      1000




Training
              precision    recall  f1-score   support

           1    0.90005   0.86284   0.88105      2056
           2    0.67947   0.68397   0.68171      1965
           3    0.51998   0.54776   0.53351      1853
           4    0.43725   0.48914   0.46174      1795
           5    0.75945   0.68125   0.71823      2331

    accuracy                        0.65990     10000
   macro avg    0.65924   0.65299   0.65525     10000
weighted avg    0.67043   0.65990   0.66426     10000

Testing
              precision    recall  f1-score   support

           1    0.90830   0.88511   0.89655       235
           2    0.64141   0.66492   0.65296       191
           3    0.50251   0.57143   0.53476       175
           4    0.50802   0.47980   0.49351       198
           5    0.71123   0.66169   0.68557       201

    accuracy                        0.66300      1000
   macro avg    0.65429   0.65259   0.65267      1000
weighted avg    0.66745   0.66300   0.66450      1000

