Hidden layer Architecture [1025, 512, 256, 5]
epoch: 500
Training
              precision    recall  f1-score   support

           1    0.89904   0.86439   0.88137      2050
           2    0.69767   0.68351   0.69052      2019
           3    0.53945   0.55276   0.54602      1905
           4    0.42580   0.49796   0.45906      1717
           5    0.75849   0.68688   0.72091      2309

    accuracy                        0.66460     10000
   macro avg    0.66409   0.65710   0.65958     10000
weighted avg    0.67617   0.66460   0.66939     10000

Testing
              precision    recall  f1-score   support

           1    0.90830   0.90043   0.90435       231
           2    0.67677   0.66667   0.67168       201
           3    0.50251   0.56818   0.53333       176
           4    0.49198   0.47423   0.48294       194
           5    0.70588   0.66667   0.68571       198

    accuracy                        0.66600      1000
   macro avg    0.65709   0.65523   0.65560      1000
weighted avg    0.66950   0.66600   0.66724      1000




Hidden layer Architecture [1025, 512, 256, 5]
epoch: 1000
Training
              precision    recall  f1-score   support

           1    0.89853   0.87070   0.88439      2034
           2    0.70324   0.69135   0.69724      2012
           3    0.55379   0.56925   0.56141      1899
           4    0.46016   0.50993   0.48377      1812
           5    0.75132   0.70040   0.72497      2243

    accuracy                        0.67380     10000
   macro avg    0.67341   0.66833   0.67036     10000
weighted avg    0.68132   0.67380   0.67705     10000

Testing
              precision    recall  f1-score   support

           1    0.90830   0.90830   0.90830       229
           2    0.70202   0.68473   0.69327       203
           3    0.51759   0.58523   0.54933       176
           4    0.54011   0.49510   0.51662       204
           5    0.70053   0.69681   0.69867       188

    accuracy                        0.68200      1000
   macro avg    0.67371   0.67403   0.67324      1000
weighted avg    0.68349   0.68200   0.68216      1000




Hidden layer Architecture [1025, 512, 256, 5]
epoch: 1500
Training
              precision    recall  f1-score   support

           1    0.89802   0.87364   0.88566      2026
           2    0.70677   0.69622   0.70146      2008
           3    0.56250   0.57517   0.56876      1909
           4    0.47112   0.51609   0.49258      1833
           5    0.74892   0.70414   0.72584      2224

    accuracy                        0.67780     10000
   macro avg    0.67747   0.67305   0.67486     10000
weighted avg    0.68416   0.67780   0.68058     10000

Testing
              precision    recall  f1-score   support

           1    0.90830   0.90830   0.90830       229
           2    0.70202   0.69154   0.69674       201
           3    0.52764   0.58989   0.55703       178
           4    0.54011   0.49029   0.51399       206
           5    0.69519   0.69892   0.69705       186

    accuracy                        0.68300      1000
   macro avg    0.67465   0.67579   0.67462      1000
weighted avg    0.68359   0.68300   0.68273      1000




