Hidden layer Architecture [1025, 512, 256, 5]
epoch: 50
Training
              precision    recall  f1-score   support

           1    0.90208   0.84146   0.87071      2113
           2    0.66582   0.64275   0.65408      2049
           3    0.48668   0.51913   0.50238      1830
           4    0.36753   0.48362   0.41766      1526
           5    0.78910   0.66479   0.72163      2482

    accuracy                        0.64330     10000
   macro avg    0.64224   0.63035   0.63329     10000
weighted avg    0.66804   0.64330   0.65278     10000

Testing
              precision    recall  f1-score   support

           1    0.90393   0.87712   0.89032       236
           2    0.65657   0.63725   0.64677       204
           3    0.47739   0.53073   0.50265       179
           4    0.41711   0.44571   0.43094       175
           5    0.70053   0.63592   0.66667       206

    accuracy                        0.64100      1000
   macro avg    0.63111   0.62535   0.62747      1000
weighted avg    0.65002   0.64100   0.64478      1000




Hidden layer Architecture [1025, 512, 256, 5]
epoch: 100
Training
              precision    recall  f1-score   support

           1    0.91324   0.84073   0.87549      2141
           2    0.66532   0.67006   0.66768      1964
           3    0.54098   0.54321   0.54209      1944
           4    0.40289   0.50342   0.44758      1607
           5    0.76566   0.68302   0.72198      2344

    accuracy                        0.65820     10000
   macro avg    0.65762   0.64809   0.65097     10000
weighted avg    0.67558   0.65820   0.66512     10000

Testing
              precision    recall  f1-score   support

           1    0.92140   0.88285   0.90171       239
           2    0.64141   0.67196   0.65633       189
           3    0.52261   0.53886   0.53061       193
           4    0.44920   0.46154   0.45528       182
           5    0.68984   0.65482   0.67188       197

    accuracy                        0.65500      1000
   macro avg    0.64489   0.64200   0.64316      1000
weighted avg    0.65996   0.65500   0.65718      1000




Hidden layer Architecture [1025, 512, 256, 5]
epoch: 150
Training
              precision    recall  f1-score   support

           1    0.91172   0.85858   0.88435      2093
           2    0.68352   0.67735   0.68042      1996
           3    0.54559   0.54784   0.54671      1944
           4    0.44671   0.50478   0.47398      1777
           5    0.73792   0.70457   0.72086      2190

    accuracy                        0.66540     10000
   macro avg    0.66509   0.65862   0.66126     10000
weighted avg    0.67430   0.66540   0.66928     10000

Testing
              precision    recall  f1-score   support

           1    0.91266   0.87448   0.89316       239
           2    0.65152   0.68254   0.66667       189
           3    0.58291   0.59184   0.58734       196
           4    0.50802   0.50802   0.50802       187
           5    0.70053   0.69312   0.69681       189

    accuracy                        0.68000      1000
   macro avg    0.67113   0.67000   0.67040      1000
weighted avg    0.68292   0.68000   0.68128      1000




Hidden layer Architecture [1025, 512, 256, 5]
epoch: 200
Training
              precision    recall  f1-score   support

           1    0.88584   0.84307   0.86393      2071
           2    0.65217   0.67153   0.66171      1921
           3    0.57377   0.55611   0.56480      2014
           4    0.46713   0.50978   0.48753      1840
           5    0.72645   0.70520   0.71567      2154

    accuracy                        0.66130     10000
   macro avg    0.66107   0.65714   0.65873     10000
weighted avg    0.66673   0.66130   0.66364     10000

Testing
              precision    recall  f1-score   support

           1    0.89520   0.88362   0.88937       232
           2    0.62121   0.65079   0.63566       189
           3    0.55276   0.54726   0.55000       201
           4    0.49733   0.46734   0.48187       199
           5    0.63636   0.66480   0.65027       179

    accuracy                        0.65000      1000
   macro avg    0.64057   0.64276   0.64143      1000
weighted avg    0.64908   0.65000   0.64931      1000




Hidden layer Architecture [1025, 512, 256, 5]
epoch: 250
Training
              precision    recall  f1-score   support

           1    0.89904   0.84785   0.87269      2090
           2    0.65774   0.69165   0.67427      1881
           3    0.57736   0.55245   0.56463      2040
           4    0.44323   0.49582   0.46805      1795
           5    0.73792   0.70328   0.72019      2194

    accuracy                        0.66330     10000
   macro avg    0.66306   0.65821   0.65997     10000
weighted avg    0.67086   0.66330   0.66643     10000

Testing
              precision    recall  f1-score   support

           1    0.87773   0.87013   0.87391       231
           2    0.62121   0.66129   0.64062       186
           3    0.56784   0.57360   0.57071       197
           4    0.50802   0.49223   0.50000       193
           5    0.71658   0.69430   0.70526       193

    accuracy                        0.66600      1000
   macro avg    0.65828   0.65831   0.65810      1000
weighted avg    0.66651   0.66600   0.66608      1000




Hidden layer Architecture [1025, 512, 256, 5]
epoch: 300
Training
              precision    recall  f1-score   support

           1    0.89650   0.85239   0.87389      2073
           2    0.66127   0.69243   0.67649      1889
           3    0.59785   0.55704   0.57672      2095
           4    0.42181   0.50658   0.46033      1672
           5    0.75992   0.69969   0.72856      2271

    accuracy                        0.66780     10000
   macro avg    0.66747   0.66163   0.66320     10000
weighted avg    0.67911   0.66780   0.67219     10000

Testing
              precision    recall  f1-score   support

           1    0.89956   0.85477   0.87660       241
           2    0.57576   0.67456   0.62125       169
           3    0.58291   0.55502   0.56863       209
           4    0.48663   0.47644   0.48148       191
           5    0.69519   0.68421   0.68966       190

    accuracy                        0.65700      1000
   macro avg    0.64801   0.64900   0.64752      1000
weighted avg    0.66096   0.65700   0.65809      1000




Hidden layer Architecture [1025, 512, 256, 5]
epoch: 350
Training
              precision    recall  f1-score   support

           1    0.89701   0.85369   0.87481      2071
           2    0.66481   0.69174   0.67801      1901
           3    0.58811   0.56000   0.57371      2050
           4    0.44024   0.51545   0.47489      1715
           5    0.76040   0.70261   0.73036      2263

    accuracy                        0.67050     10000
   macro avg    0.67012   0.66470   0.66636     10000
weighted avg    0.68029   0.67050   0.67440     10000

Testing
              precision    recall  f1-score   support

           1    0.89083   0.88696   0.88889       230
           2    0.62626   0.66667   0.64583       186
           3    0.56281   0.56000   0.56140       200
           4    0.45989   0.45989   0.45989       187
           5    0.67914   0.64467   0.66146       197

    accuracy                        0.65300      1000
   macro avg    0.64379   0.64364   0.64350      1000
weighted avg    0.65373   0.65300   0.65316      1000




Hidden layer Architecture [1025, 512, 256, 5]
epoch: 400
Training
              precision    recall  f1-score   support

           1    0.91172   0.84924   0.87937      2116
           2    0.65875   0.70205   0.67971      1856
           3    0.59375   0.56372   0.57834      2056
           4    0.45518   0.52741   0.48864      1733
           5    0.75945   0.70925   0.73349      2239

    accuracy                        0.67610     10000
   macro avg    0.67577   0.67033   0.67191     10000
weighted avg    0.68618   0.67610   0.68005     10000

Testing
              precision    recall  f1-score   support

           1    0.90393   0.88841   0.89610       233
           2    0.62626   0.68132   0.65263       182
           3    0.56281   0.55172   0.55721       203
           4    0.49733   0.45813   0.47692       203
           5    0.65241   0.68156   0.66667       179

    accuracy                        0.65800      1000
   macro avg    0.64855   0.65223   0.64991      1000
weighted avg    0.65658   0.65800   0.65683      1000




Hidden layer Architecture [1025, 512, 256, 5]
epoch: 450
Training
              precision    recall  f1-score   support

           1    0.90969   0.85422   0.88108      2099
           2    0.64965   0.70142   0.67454      1832
           3    0.60809   0.56203   0.58415      2112
           4    0.45219   0.52883   0.48752      1717
           5    0.76184   0.71116   0.73563      2240

    accuracy                        0.67660     10000
   macro avg    0.67629   0.67153   0.67258     10000
weighted avg    0.68668   0.67660   0.68038     10000

Testing
              precision    recall  f1-score   support

           1    0.90830   0.87764   0.89270       237
           2    0.59091   0.66102   0.62400       177
           3    0.56281   0.54106   0.55172       207
           4    0.49198   0.47423   0.48294       194
           5    0.66310   0.67027   0.66667       185

    accuracy                        0.65300      1000
   macro avg    0.64342   0.64484   0.64361      1000
weighted avg    0.65448   0.65300   0.65325      1000




Hidden layer Architecture [1025, 512, 256, 5]
epoch: 500
Training
              precision    recall  f1-score   support

           1    0.90715   0.85468   0.88014      2092
           2    0.65420   0.69984   0.67625      1849
           3    0.61527   0.56069   0.58671      2142
           4    0.45020   0.52835   0.48615      1711
           5    0.75466   0.71532   0.73447      2206

    accuracy                        0.67650     10000
   macro avg    0.67630   0.67178   0.67274     10000
weighted avg    0.68604   0.67650   0.68004     10000

Testing
              precision    recall  f1-score   support

           1    0.89956   0.89565   0.89760       230
           2    0.63131   0.68681   0.65789       182
           3    0.61307   0.57009   0.59080       214
           4    0.48663   0.46907   0.47769       194
           5    0.63102   0.65556   0.64305       180

    accuracy                        0.66200      1000
   macro avg    0.65232   0.65544   0.65341      1000
weighted avg    0.66098   0.66200   0.66104      1000




