Hidden layer Architecture [1025, 512, 256, 128, 64, 5]
epoch: 50
Training
              precision    recall  f1-score   support

           1    0.91426   0.84482   0.87817      2133
           2    0.66077   0.69153   0.67580      1890
           3    0.55840   0.56070   0.55955      1944
           4    0.37898   0.51698   0.43736      1472
           5    0.81062   0.66185   0.72872      2561

    accuracy                        0.66550     10000
   macro avg    0.66461   0.65518   0.65592     10000
weighted avg    0.69183   0.66550   0.67482     10000

Testing
              precision    recall  f1-score   support

           1    0.92140   0.88655   0.90364       238
           2    0.64646   0.68085   0.66321       188
           3    0.54271   0.55385   0.54822       195
           4    0.35294   0.42857   0.38710       154
           5    0.73262   0.60889   0.66505       225

    accuracy                        0.65000      1000
   macro avg    0.63923   0.63174   0.63344      1000
weighted avg    0.66585   0.65000   0.65590      1000




Hidden layer Architecture [1025, 512, 256, 128, 64, 5]
epoch: 100
Training
              precision    recall  f1-score   support

           1    0.89853   0.88906   0.89377      1992
           2    0.71486   0.71777   0.71631      1970
           3    0.60348   0.58900   0.59615      2000
           4    0.44273   0.53651   0.48513      1657
           5    0.79340   0.69677   0.74195      2381

    accuracy                        0.69110     10000
   macro avg    0.69060   0.68582   0.68666     10000
weighted avg    0.70278   0.69110   0.69543     10000

Testing
              precision    recall  f1-score   support

           1    0.90830   0.88136   0.89462       236
           2    0.65152   0.67188   0.66154       192
           3    0.53266   0.56684   0.54922       187
           4    0.44385   0.45355   0.44865       183
           5    0.70053   0.64851   0.67352       202

    accuracy                        0.65700      1000
   macro avg    0.64737   0.64443   0.64551      1000
weighted avg    0.66179   0.65700   0.65901      1000




Hidden layer Architecture [1025, 512, 256, 128, 64, 5]
epoch: 150
Training
              precision    recall  f1-score   support

           1    0.90766   0.89899   0.90331      1990
           2    0.72700   0.73668   0.73181      1952
           3    0.62141   0.60378   0.61247      2009
           4    0.46464   0.54882   0.50324      1700
           5    0.79866   0.71094   0.75225      2349

    accuracy                        0.70430     10000
   macro avg    0.70387   0.69984   0.70061     10000
weighted avg    0.71397   0.70430   0.70791     10000

Testing
              precision    recall  f1-score   support

           1    0.92140   0.92544   0.92341       228
           2    0.71212   0.72680   0.71939       194
           3    0.56281   0.60541   0.58333       185
           4    0.53476   0.49751   0.51546       201
           5    0.70588   0.68750   0.69657       192

    accuracy                        0.69600      1000
   macro avg    0.68739   0.68853   0.68763      1000
weighted avg    0.69537   0.69600   0.69537      1000




Hidden layer Architecture [1025, 512, 256, 128, 64, 5]
epoch: 200
Training
              precision    recall  f1-score   support

           1    0.91781   0.91781   0.91781      1971
           2    0.75430   0.76161   0.75794      1959
           3    0.63371   0.62538   0.62952      1978
           4    0.49153   0.56271   0.52472      1754
           5    0.81110   0.72541   0.76586      2338

    accuracy                        0.72210     10000
   macro avg    0.72169   0.71858   0.71917     10000
weighted avg    0.72986   0.72210   0.72499     10000

Testing
              precision    recall  f1-score   support

           1    0.91703   0.92920   0.92308       226
           2    0.70202   0.73158   0.71649       190
           3    0.58291   0.59184   0.58734       196
           4    0.54011   0.52332   0.53158       193
           5    0.73262   0.70256   0.71728       195

    accuracy                        0.70300      1000
   macro avg    0.69494   0.69570   0.69515      1000
weighted avg    0.70199   0.70300   0.70233      1000




Hidden layer Architecture [1025, 512, 256, 128, 64, 5]
epoch: 250
Training
              precision    recall  f1-score   support

           1    0.93810   0.93290   0.93549      1982
           2    0.77806   0.79412   0.78601      1938
           3    0.65984   0.65714   0.65849      1960
           4    0.52191   0.58646   0.55231      1787
           5    0.82114   0.73596   0.77622      2333

    accuracy                        0.74410     10000
   macro avg    0.74381   0.74132   0.74170     10000
weighted avg    0.75088   0.74410   0.74660     10000

Testing
              precision    recall  f1-score   support

           1    0.93450   0.94273   0.93860       227
           2    0.72727   0.77005   0.74805       187
           3    0.60804   0.61421   0.61111       197
           4    0.54545   0.53684   0.54111       190
           5    0.75936   0.71357   0.73575       199

    accuracy                        0.72300      1000
   macro avg    0.71492   0.71548   0.71492      1000
weighted avg    0.72266   0.72300   0.72256      1000




Hidden layer Architecture [1025, 512, 256, 128, 64, 5]
epoch: 300
Training
              precision    recall  f1-score   support

           1    0.95231   0.95038   0.95134      1975
           2    0.80890   0.83160   0.82009      1924
           3    0.68955   0.68014   0.68481      1979
           4    0.53685   0.60528   0.56902      1781
           5    0.83596   0.74669   0.78881      2341

    accuracy                        0.76490     10000
   macro avg    0.76471   0.76282   0.76281     10000
weighted avg    0.77149   0.76490   0.76720     10000

Testing
              precision    recall  f1-score   support

           1    0.94760   0.96018   0.95385       226
           2    0.77778   0.79793   0.78772       193
           3    0.64322   0.64646   0.64484       198
           4    0.52941   0.55932   0.54396       177
           5    0.78075   0.70874   0.74300       206

    accuracy                        0.74400      1000
   macro avg    0.73575   0.73453   0.73467      1000
weighted avg    0.74617   0.74400   0.74462      1000




Hidden layer Architecture [1025, 512, 256, 128, 64, 5]
epoch: 350
Training
              precision    recall  f1-score   support

           1    0.96296   0.96541   0.96419      1966
           2    0.83670   0.85530   0.84590      1935
           3    0.71107   0.70385   0.70744      1972
           4    0.55229   0.62444   0.58615      1776
           5    0.84601   0.75245   0.79649      2351

    accuracy                        0.78190     10000
   macro avg    0.78181   0.78029   0.78003     10000
weighted avg    0.78843   0.78190   0.78410     10000

Testing
              precision    recall  f1-score   support

           1    0.96507   0.97788   0.97143       226
           2    0.81313   0.82564   0.81934       195
           3    0.66332   0.67347   0.66835       196
           4    0.55615   0.59429   0.57459       175
           5    0.80214   0.72115   0.75949       208

    accuracy                        0.76800      1000
   macro avg    0.75996   0.75849   0.75864      1000
weighted avg    0.77085   0.76800   0.76884      1000




Hidden layer Architecture [1025, 512, 256, 128, 64, 5]
epoch: 400
Training
              precision    recall  f1-score   support

           1    0.97210   0.97606   0.97407      1963
           2    0.85440   0.87384   0.86401      1934
           3    0.72643   0.72126   0.72384      1966
           4    0.57769   0.64159   0.60797      1808
           5    0.85031   0.76342   0.80452      2329

    accuracy                        0.79620     10000
   macro avg    0.79619   0.79523   0.79488     10000
weighted avg    0.80136   0.79620   0.79791     10000

Testing
              precision    recall  f1-score   support

           1    0.96943   0.98230   0.97582       226
           2    0.81818   0.83938   0.82864       193
           3    0.69347   0.69697   0.69521       198
           4    0.59893   0.62570   0.61202       179
           5    0.81283   0.74510   0.77749       204

    accuracy                        0.78600      1000
   macro avg    0.77857   0.77789   0.77784      1000
weighted avg    0.78733   0.78600   0.78628      1000




Hidden layer Architecture [1025, 512, 256, 128, 64, 5]
epoch: 450
Training
              precision    recall  f1-score   support

           1    0.97615   0.98113   0.97864      1961
           2    0.85945   0.88819   0.87359      1914
           3    0.74334   0.73172   0.73748      1983
           4    0.58865   0.65196   0.61869      1813
           5    0.85557   0.76814   0.80950      2329

    accuracy                        0.80460     10000
   macro avg    0.80463   0.80423   0.80358     10000
weighted avg    0.80931   0.80460   0.80606     10000

Testing
              precision    recall  f1-score   support

           1    0.96943   0.98667   0.97797       225
           2    0.82323   0.84456   0.83376       193
           3    0.71859   0.70098   0.70968       204
           4    0.60428   0.64943   0.62604       174
           5    0.82888   0.75980   0.79284       204

    accuracy                        0.79600      1000
   macro avg    0.78888   0.78829   0.78806      1000
weighted avg    0.79783   0.79600   0.79640      1000




Hidden layer Architecture [1025, 512, 256, 128, 64, 5]
epoch: 500
Training
              precision    recall  f1-score   support

           1    0.97615   0.98616   0.98113      1951
           2    0.86855   0.90184   0.88488      1905
           3    0.76178   0.74611   0.75387      1993
           4    0.59910   0.66685   0.63116      1804
           5    0.86609   0.77162   0.81613      2347

    accuracy                        0.81430     10000
   macro avg    0.81434   0.81452   0.81344     10000
weighted avg    0.81908   0.81430   0.81564     10000

Testing
              precision    recall  f1-score   support

           1    0.96943   0.98667   0.97797       225
           2    0.83333   0.85938   0.84615       192
           3    0.74372   0.73267   0.73815       202
           4    0.62032   0.65537   0.63736       177
           5    0.82888   0.75980   0.79284       204

    accuracy                        0.80600      1000
   macro avg    0.79914   0.79878   0.79850      1000
weighted avg    0.80724   0.80600   0.80617      1000




