Hidden layer Architecture [1025, 512, 5]
epoch: 50
Training
              precision    recall  f1-score   support

           1    0.88737   0.85568   0.87123      2044
           2    0.69970   0.64163   0.66941      2157
           3    0.47490   0.54147   0.50600      1712
           4    0.40687   0.50370   0.45014      1622
           5    0.78336   0.66450   0.71905      2465

    accuracy                        0.65150     10000
   macro avg    0.65044   0.64140   0.64317     10000
weighted avg    0.67270   0.65150   0.65936     10000

Testing
              precision    recall  f1-score   support

           1    0.89083   0.89474   0.89278       228
           2    0.69192   0.64019   0.66505       214
           3    0.45226   0.55556   0.49861       162
           4    0.45455   0.46961   0.46196       181
           5    0.73797   0.64186   0.68657       215

    accuracy                        0.65400      1000
   macro avg    0.64550   0.64039   0.64099      1000
weighted avg    0.66538   0.65400   0.65788      1000




Hidden layer Architecture [1025, 512, 5]
epoch: 100
Training
              precision    recall  f1-score   support

           1    0.90056   0.85296   0.87611      2081
           2    0.70172   0.65876   0.67956      2107
           3    0.47746   0.55476   0.51322      1680
           4    0.42679   0.49624   0.45890      1727
           5    0.78431   0.68191   0.72954      2405

    accuracy                        0.65920     10000
   macro avg    0.65817   0.64892   0.65147     10000
weighted avg    0.67781   0.65920   0.66643     10000

Testing
              precision    recall  f1-score   support

           1    0.90393   0.89224   0.89805       232
           2    0.68687   0.66019   0.67327       206
           3    0.46734   0.54386   0.50270       171
           4    0.45455   0.45455   0.45455       187
           5    0.71658   0.65686   0.68542       204

    accuracy                        0.65500      1000
   macro avg    0.64585   0.64154   0.64280      1000
weighted avg    0.66230   0.65500   0.65783      1000




Hidden layer Architecture [1025, 512, 5]
epoch: 150
Training
              precision    recall  f1-score   support

           1    0.89954   0.85943   0.87903      2063
           2    0.70121   0.66555   0.68291      2084
           3    0.50717   0.55775   0.53126      1775
           4    0.43426   0.51598   0.47161      1690
           5    0.78527   0.68760   0.73320      2388

    accuracy                        0.66640     10000
   macro avg    0.66549   0.65726   0.65960     10000
weighted avg    0.68264   0.66640   0.67275     10000

Testing
              precision    recall  f1-score   support

           1    0.89956   0.90351   0.90153       228
           2    0.69697   0.66667   0.68148       207
           3    0.50251   0.54945   0.52493       182
           4    0.44385   0.46369   0.45355       179
           5    0.71123   0.65196   0.68031       204

    accuracy                        0.66000      1000
   macro avg    0.65083   0.64705   0.64836      1000
weighted avg    0.66537   0.66000   0.66212      1000




Hidden layer Architecture [1025, 512, 5]
epoch: 200
Training
              precision    recall  f1-score   support

           1    0.89041   0.86072   0.87531      2039
           2    0.70324   0.65924   0.68053      2110
           3    0.50820   0.56589   0.53549      1753
           4    0.44920   0.52139   0.48261      1730
           5    0.78288   0.69130   0.73425      2368

    accuracy                        0.66770     10000
   macro avg    0.66679   0.65971   0.66164     10000
weighted avg    0.68212   0.66770   0.67330     10000

Testing
              precision    recall  f1-score   support

           1    0.89083   0.88696   0.88889       230
           2    0.68182   0.64593   0.66339       209
           3    0.48241   0.56471   0.52033       170
           4    0.49198   0.48677   0.48936       189
           5    0.72727   0.67327   0.69923       202

    accuracy                        0.66300      1000
   macro avg    0.65486   0.65153   0.65224      1000
weighted avg    0.66929   0.66300   0.66528      1000




Hidden layer Architecture [1025, 512, 5]
epoch: 250
Training
              precision    recall  f1-score   support

           1    0.89904   0.86355   0.88093      2052
           2    0.70273   0.67085   0.68642      2072
           3    0.51383   0.56159   0.53665      1786
           4    0.44970   0.52409   0.48405      1723
           5    0.78862   0.69666   0.73979      2367

    accuracy                        0.67170     10000
   macro avg    0.67078   0.66335   0.66557     10000
weighted avg    0.68601   0.67170   0.67735     10000

Testing
              precision    recall  f1-score   support

           1    0.89083   0.88312   0.88696       231
           2    0.67677   0.65049   0.66337       206
           3    0.49749   0.58235   0.53659       170
           4    0.48663   0.46907   0.47769       194
           5    0.71123   0.66834   0.68912       199

    accuracy                        0.66100      1000
   macro avg    0.65259   0.65067   0.65074      1000
weighted avg    0.66571   0.66100   0.66257      1000




Hidden layer Architecture [1025, 512, 5]
epoch: 300
Training
              precision    recall  f1-score   support

           1    0.89751   0.86125   0.87901      2054
           2    0.69970   0.67611   0.68770      2047
           3    0.52818   0.56555   0.54623      1823
           4    0.45369   0.52812   0.48808      1725
           5    0.78575   0.69885   0.73976      2351

    accuracy                        0.67380     10000
   macro avg    0.67296   0.66598   0.66815     10000
weighted avg    0.68685   0.67380   0.67901     10000

Testing
              precision    recall  f1-score   support

           1    0.89520   0.88745   0.89130       231
           2    0.68182   0.66176   0.67164       204
           3    0.51759   0.58523   0.54933       176
           4    0.49733   0.48438   0.49077       192
           5    0.71123   0.67513   0.69271       197

    accuracy                        0.66900      1000
   macro avg    0.66063   0.65879   0.65915      1000
weighted avg    0.67258   0.66900   0.67028      1000




Hidden layer Architecture [1025, 512, 5]
epoch: 350
Training
              precision    recall  f1-score   support

           1    0.91071   0.85558   0.88228      2098
           2    0.70728   0.67487   0.69069      2073
           3    0.49846   0.57506   0.53403      1692
           4    0.46414   0.52745   0.49377      1767
           5    0.79005   0.69705   0.74064      2370

    accuracy                        0.67510     10000
   macro avg    0.67413   0.66600   0.66828     10000
weighted avg    0.69128   0.67510   0.68142     10000

Testing
              precision    recall  f1-score   support

           1    0.91703   0.87866   0.89744       239
           2    0.67172   0.65842   0.66500       202
           3    0.47739   0.59748   0.53073       159
           4    0.50802   0.48469   0.49608       196
           5    0.72193   0.66176   0.69054       204

    accuracy                        0.66800      1000
   macro avg    0.65922   0.65620   0.65596      1000
weighted avg    0.67761   0.66800   0.67130      1000




Hidden layer Architecture [1025, 512, 5]
epoch: 400
Training
              precision    recall  f1-score   support

           1    0.91223   0.86734   0.88922      2073
           2    0.70526   0.68517   0.69507      2036
           3    0.51947   0.57385   0.54531      1767
           4    0.47211   0.53499   0.50159      1772
           5    0.79005   0.70238   0.74364      2352

    accuracy                        0.68070     10000
   macro avg    0.67982   0.67275   0.67496     10000
weighted avg    0.69396   0.68070   0.68599     10000

Testing
              precision    recall  f1-score   support

           1    0.91266   0.89316   0.90281       234
           2    0.69697   0.69347   0.69521       199
           3    0.50251   0.59524   0.54496       168
           4    0.50267   0.47959   0.49086       196
           5    0.72193   0.66502   0.69231       203

    accuracy                        0.67600      1000
   macro avg    0.66735   0.66530   0.66523      1000
weighted avg    0.68176   0.67600   0.67791      1000




Hidden layer Architecture [1025, 512, 5]
epoch: 450
Training
              precision    recall  f1-score   support

           1    0.91527   0.86398   0.88889      2088
           2    0.69970   0.68685   0.69321      2015
           3    0.51691   0.57070   0.54247      1768
           4    0.47361   0.52833   0.49947      1800
           5    0.78288   0.70288   0.74072      2329

    accuracy                        0.67850     10000
   macro avg    0.67767   0.67055   0.67295     10000
weighted avg    0.69107   0.67850   0.68361     10000

Testing
              precision    recall  f1-score   support

           1    0.92140   0.89407   0.90753       236
           2    0.68182   0.69588   0.68878       194
           3    0.51256   0.58960   0.54839       173
           4    0.50802   0.48469   0.49608       196
           5    0.71123   0.66169   0.68557       201

    accuracy                        0.67600      1000
   macro avg    0.66701   0.66518   0.66527      1000
weighted avg    0.68093   0.67600   0.67770      1000




Hidden layer Architecture [1025, 512, 5]
epoch: 500
Training
              precision    recall  f1-score   support

           1    0.91324   0.86580   0.88889      2079
           2    0.70425   0.68688   0.69546      2028
           3    0.52100   0.57817   0.54810      1759
           4    0.47261   0.52373   0.49686      1812
           5    0.77523   0.69811   0.73465      2322

    accuracy                        0.67800     10000
   macro avg    0.67727   0.67054   0.67279     10000
weighted avg    0.68997   0.67800   0.68287     10000

Testing
              precision    recall  f1-score   support

           1    0.92140   0.89030   0.90558       237
           2    0.68687   0.69388   0.69036       196
           3    0.50754   0.59412   0.54743       170
           4    0.49198   0.46231   0.47668       199
           5    0.68984   0.65152   0.67013       198

    accuracy                        0.66900      1000
   macro avg    0.65952   0.65842   0.65803      1000
weighted avg    0.67377   0.66900   0.67054      1000


