Hidden layer Architecture [1025, 512, 256, 128, 5]
epoch: 50
Training
              precision    recall  f1-score   support

           1    0.90309   0.88381   0.89335      2014
           2    0.72144   0.70784   0.71457      2016
           3    0.59375   0.58535   0.58952      1980
           4    0.44522   0.54215   0.48893      1649
           5    0.79101   0.70654   0.74639      2341

    accuracy                        0.69140     10000
   macro avg    0.69090   0.68514   0.68655     10000
weighted avg    0.70348   0.69140   0.69606     10000

Testing
              precision    recall  f1-score   support

           1    0.91703   0.91703   0.91703       229
           2    0.72727   0.69565   0.71111       207
           3    0.51759   0.58192   0.54787       177
           4    0.51872   0.51053   0.51459       190
           5    0.72727   0.69036   0.70833       197

    accuracy                        0.69000      1000
   macro avg    0.68158   0.67910   0.67979      1000
weighted avg    0.69399   0.69000   0.69149      1000




Hidden layer Architecture [1025, 512, 256, 128, 5]
epoch: 100
Training
              precision    recall  f1-score   support

           1    0.91375   0.90412   0.90891      1992
           2    0.74722   0.74234   0.74477      1991
           3    0.62551   0.61357   0.61948      1990
           4    0.47211   0.56194   0.51313      1687
           5    0.80440   0.71880   0.75920      2340

    accuracy                        0.71300     10000
   macro avg    0.71260   0.70815   0.70910     10000
weighted avg    0.72314   0.71300   0.71683     10000

Testing
              precision    recall  f1-score   support

           1    0.92140   0.92544   0.92341       228
           2    0.72727   0.72362   0.72544       199
           3    0.56281   0.59893   0.58031       187
           4    0.52941   0.51031   0.51969       194
           5    0.71658   0.69792   0.70712       192

    accuracy                        0.70000      1000
   macro avg    0.69149   0.69124   0.69119      1000
weighted avg    0.70034   0.70000   0.70001      1000




Hidden layer Architecture [1025, 512, 256, 128, 5]
epoch: 150
Training
              precision    recall  f1-score   support

           1    0.92948   0.92619   0.92783      1978
           2    0.77401   0.77401   0.77401      1978
           3    0.65266   0.63860   0.64555      1995
           4    0.50498   0.58511   0.54210      1733
           5    0.81301   0.73402   0.77150      2316

    accuracy                        0.73510     10000
   macro avg    0.73483   0.73159   0.73220     10000
weighted avg    0.74296   0.73510   0.73804     10000

Testing
              precision    recall  f1-score   support

           1    0.94760   0.94760   0.94760       229
           2    0.73737   0.75648   0.74680       193
           3    0.59799   0.61340   0.60560       194
           4    0.55615   0.54450   0.55026       191
           5    0.73797   0.71503   0.72632       193

    accuracy                        0.72400      1000
   macro avg    0.71542   0.71540   0.71532      1000
weighted avg    0.72398   0.72400   0.72390      1000




Hidden layer Architecture [1025, 512, 256, 128, 5]
epoch: 200
Training
              precision    recall  f1-score   support

           1    0.94825   0.93967   0.94394      1989
           2    0.79525   0.80832   0.80173      1946
           3    0.67725   0.66566   0.67141      1986
           4    0.53038   0.59899   0.56260      1778
           5    0.81923   0.74446   0.78005      2301

    accuracy                        0.75420     10000
   macro avg    0.75407   0.75142   0.75195     10000
weighted avg    0.76067   0.75420   0.75663     10000

Testing
              precision    recall  f1-score   support

           1    0.95197   0.95197   0.95197       229
           2    0.76263   0.78238   0.77238       193
           3    0.62814   0.63131   0.62972       198
           4    0.56150   0.56452   0.56300       186
           5    0.76471   0.73711   0.75066       194

    accuracy                        0.74200      1000
   macro avg    0.73379   0.73346   0.73355      1000
weighted avg    0.74235   0.74200   0.74210      1000




Hidden layer Architecture [1025, 512, 256, 128, 5]
epoch: 250
Training
              precision    recall  f1-score   support

           1    0.96246   0.94613   0.95423      2005
           2    0.82457   0.83172   0.82813      1961
           3    0.69570   0.69215   0.69392      1962
           4    0.55478   0.61344   0.58264      1816
           5    0.81923   0.75931   0.78813      2256

    accuracy                        0.77130     10000
   macro avg    0.77135   0.76855   0.76941     10000
weighted avg    0.77673   0.77130   0.77347     10000

Testing
              precision    recall  f1-score   support

           1    0.96507   0.95671   0.96087       231
           2    0.79293   0.81347   0.80307       193
           3    0.68342   0.67327   0.67830       202
           4    0.57754   0.60000   0.58856       180
           5    0.77005   0.74227   0.75591       194

    accuracy                        0.76600      1000
   macro avg    0.75780   0.75714   0.75734      1000
weighted avg    0.76736   0.76600   0.76656      1000




Hidden layer Architecture [1025, 512, 256, 128, 5]
epoch: 300
Training
              precision    recall  f1-score   support

           1    0.96905   0.95357   0.96125      2003
           2    0.83569   0.84509   0.84037      1956
           3    0.70799   0.69939   0.70367      1976
           4    0.57221   0.61974   0.59503      1854
           5    0.81349   0.76934   0.79079      2211

    accuracy                        0.77950     10000
   macro avg    0.77969   0.77743   0.77822     10000
weighted avg    0.78341   0.77950   0.78112     10000

Testing
              precision    recall  f1-score   support

           1    0.97380   0.96957   0.97168       230
           2    0.81313   0.82564   0.81934       195
           3    0.69347   0.68657   0.69000       201
           4    0.60963   0.61622   0.61290       185
           5    0.76471   0.75661   0.76064       189

    accuracy                        0.77900      1000
   macro avg    0.77095   0.77092   0.77091      1000
weighted avg    0.77923   0.77900   0.77909      1000




Hidden layer Architecture [1025, 512, 256, 128, 5]
epoch: 350
Training
              precision    recall  f1-score   support

           1    0.98021   0.96215   0.97110      2008
           2    0.85592   0.86290   0.85939      1962
           3    0.72387   0.71872   0.72129      1966
           4    0.58865   0.63276   0.60991      1868
           5    0.81588   0.77687   0.79589      2196

    accuracy                        0.79260     10000
   macro avg    0.79290   0.79068   0.79152     10000
weighted avg    0.79620   0.79260   0.79412     10000

Testing
              precision    recall  f1-score   support

           1    0.98253   0.96983   0.97614       232
           2    0.81313   0.83420   0.82353       193
           3    0.71357   0.69608   0.70471       204
           4    0.62032   0.63043   0.62534       184
           5    0.76471   0.76471   0.76471       187

    accuracy                        0.78700      1000
   macro avg    0.77885   0.77905   0.77889      1000
weighted avg    0.78759   0.78700   0.78723      1000




Hidden layer Architecture [1025, 512, 256, 128, 5]
epoch: 400
Training
              precision    recall  f1-score   support

           1    0.98427   0.96469   0.97438      2011
           2    0.87310   0.87003   0.87156      1985
           3    0.73002   0.73265   0.73133      1945
           4    0.60458   0.64335   0.62336      1887
           5    0.81731   0.78683   0.80178      2172

    accuracy                        0.80150     10000
   macro avg    0.80186   0.79951   0.80048     10000
weighted avg    0.80484   0.80150   0.80297     10000

Testing
              precision    recall  f1-score   support

           1    0.99127   0.97009   0.98056       234
           2    0.84343   0.83920   0.84131       199
           3    0.71357   0.72449   0.71899       196
           4    0.64706   0.62694   0.63684       193
           5    0.74332   0.78090   0.76164       178

    accuracy                        0.79600      1000
   macro avg    0.78773   0.78832   0.78787      1000
weighted avg    0.79685   0.79600   0.79628      1000




Hidden layer Architecture [1025, 512, 256, 128, 5]
epoch: 450
Training
              precision    recall  f1-score   support

           1    0.98833   0.96964   0.97889      2009
           2    0.87917   0.87962   0.87939      1977
           3    0.73822   0.74240   0.74030      1941
           4    0.61454   0.65016   0.63185      1898
           5    0.82209   0.79034   0.80591      2175

    accuracy                        0.80810     10000
   macro avg    0.80847   0.80643   0.80727     10000
weighted avg    0.81110   0.80810   0.80942     10000

Testing
              precision    recall  f1-score   support

           1    0.99127   0.97425   0.98268       233
           2    0.84848   0.84422   0.84635       199
           3    0.71859   0.72959   0.72405       196
           4    0.65775   0.64062   0.64908       192
           5    0.75936   0.78889   0.77384       180

    accuracy                        0.80300      1000
   macro avg    0.79509   0.79552   0.79520      1000
weighted avg    0.80363   0.80300   0.80322      1000




Hidden layer Architecture [1025, 512, 256, 128, 5]
epoch: 500
Training
              precision    recall  f1-score   support

           1    0.98935   0.97112   0.98015      2008
           2    0.88423   0.88155   0.88289      1984
           3    0.74641   0.74337   0.74489      1960
           4    0.61902   0.65421   0.63613      1900
           5    0.81779   0.79609   0.80679      2148

    accuracy                        0.81090     10000
   macro avg    0.81136   0.80927   0.81017     10000
weighted avg    0.81366   0.81090   0.81214     10000

Testing
              precision    recall  f1-score   support

           1    0.99127   0.97425   0.98268       233
           2    0.85354   0.84080   0.84712       201
           3    0.71357   0.73196   0.72265       194
           4    0.66310   0.64249   0.65263       193
           5    0.75936   0.79330   0.77596       179

    accuracy                        0.80400      1000
   macro avg    0.79617   0.79656   0.79621      1000
weighted avg    0.80486   0.80400   0.80428      1000


