Hidden layer Architecture [1025, 10, 5]
epoch: 500
Training
              precision    recall  f1-score   support

           1    0.93962   0.86340   0.89990      2145
           2    0.70324   0.73365   0.71812      1896
           3    0.57736   0.61585   0.59598      1830
           4    0.43725   0.56138   0.49160      1564
           5    0.85222   0.69474   0.76546      2565

    accuracy                        0.70300     10000
   macro avg    0.70194   0.69380   0.69421     10000
weighted avg    0.72752   0.70300   0.71148     10000

Testing
              precision    recall  f1-score   support

           1    0.93013   0.89873   0.91416       237
           2    0.68687   0.73514   0.71018       185
           3    0.56784   0.62431   0.59474       181
           4    0.50802   0.51351   0.51075       185
           5    0.75936   0.66981   0.71178       212

    accuracy                        0.69900      1000
   macro avg    0.69044   0.68830   0.68832      1000
weighted avg    0.70526   0.69900   0.70107      1000




Hidden layer Architecture [1025, 10, 5]
epoch: 1000
Training
              precision    recall  f1-score   support

           1    0.95282   0.88086   0.91543      2132
           2    0.73862   0.77261   0.75523      1891
           3    0.56916   0.66727   0.61432      1665
           4    0.48506   0.58393   0.52992      1668
           5    0.89000   0.70386   0.78606      2644

    accuracy                        0.72850     10000
   macro avg    0.72713   0.72171   0.72019     10000
weighted avg    0.75380   0.72850   0.73649     10000

Testing
              precision    recall  f1-score   support

           1    0.93886   0.89212   0.91489       241
           2    0.68182   0.76271   0.72000       177
           3    0.56281   0.65116   0.60377       172
           4    0.47594   0.50857   0.49171       175
           5    0.81818   0.65106   0.72512       235

    accuracy                        0.70400      1000
   macro avg    0.69552   0.69313   0.69110      1000
weighted avg    0.71931   0.70400   0.70823      1000




Hidden layer Architecture [1025, 10, 5]
epoch: 1500
Training
              precision    recall  f1-score   support

           1    0.96296   0.89108   0.92563      2130
           2    0.76694   0.79758   0.78196      1902
           3    0.58607   0.70487   0.64000      1623
           4    0.50847   0.60024   0.55055      1701
           5    0.89670   0.70915   0.79197      2644

    accuracy                        0.74550     10000
   macro avg    0.74423   0.74058   0.73802     10000
weighted avg    0.76968   0.74550   0.75281     10000

Testing
              precision    recall  f1-score   support

           1    0.94760   0.90795   0.92735       239
           2    0.71212   0.75806   0.73438       186
           3    0.53266   0.65839   0.58889       161
           4    0.47594   0.51744   0.49582       172
           5    0.83422   0.64463   0.72727       242

    accuracy                        0.70900      1000
   macro avg    0.70051   0.69729   0.69474      1000
weighted avg    0.72843   0.70900   0.71432      1000




Hidden layer Architecture [1025, 10, 5]
epoch: 2000
Training
              precision    recall  f1-score   support

           1    0.97362   0.89757   0.93405      2138
           2    0.78109   0.81660   0.79845      1892
           3    0.60912   0.72589   0.66240      1638
           4    0.51046   0.61971   0.55980      1654
           5    0.90818   0.70911   0.79639      2678

    accuracy                        0.75770     10000
   macro avg    0.75649   0.75377   0.75022     10000
weighted avg    0.78336   0.75770   0.76513     10000

Testing
              precision    recall  f1-score   support

           1    0.94760   0.92340   0.93534       235
           2    0.73737   0.76042   0.74872       192
           3    0.55276   0.65476   0.59946       168
           4    0.45989   0.53416   0.49425       161
           5    0.85561   0.65574   0.74246       244

    accuracy                        0.71900      1000
   macro avg    0.71065   0.70570   0.70405      1000
weighted avg    0.73994   0.71900   0.72500      1000




Hidden layer Architecture [1025, 10, 5]
epoch: 2500
Training
              precision    recall  f1-score   support

           1    0.97869   0.90309   0.93937      2136
           2    0.79171   0.82857   0.80972      1890
           3    0.63627   0.73929   0.68392      1680
           4    0.53137   0.64432   0.58242      1656
           5    0.90722   0.71911   0.80228      2638

    accuracy                        0.77010     10000
   macro avg    0.76905   0.76688   0.76354     10000
weighted avg    0.79290   0.77010   0.77668     10000

Testing
              precision    recall  f1-score   support

           1    0.94760   0.93133   0.93939       233
           2    0.76768   0.77949   0.77354       195
           3    0.57789   0.67647   0.62331       170
           4    0.46524   0.54717   0.50289       159
           5    0.86096   0.66255   0.74884       243

    accuracy                        0.73200      1000
   macro avg    0.72387   0.71940   0.71759      1000
weighted avg    0.75192   0.73200   0.73761      1000




Hidden layer Architecture [1025, 10, 5]
epoch: 3000
Training
              precision    recall  f1-score   support

           1    0.98072   0.90965   0.94385      2125
           2    0.81648   0.84378   0.82991      1914
           3    0.66393   0.76415   0.71053      1696
           4    0.55129   0.65658   0.59935      1686
           5    0.89861   0.72858   0.80471      2579

    accuracy                        0.78300     10000
   macro avg    0.78221   0.78055   0.77767     10000
weighted avg    0.80198   0.78300   0.78850     10000

Testing
              precision    recall  f1-score   support

           1    0.95197   0.93966   0.94577       232
           2    0.78788   0.77612   0.78195       201
           3    0.56784   0.67665   0.61749       167
           4    0.48663   0.55152   0.51705       165
           5    0.85027   0.67660   0.75355       235

    accuracy                        0.73700      1000
   macro avg    0.72892   0.72411   0.72316      1000
weighted avg    0.75416   0.73700   0.74211      1000




Hidden layer Architecture [1025, 10, 5]
epoch: 3500
Training
              precision    recall  f1-score   support

           1    0.98985   0.92159   0.95450      2117
           2    0.83165   0.86625   0.84859      1899
           3    0.67930   0.77183   0.72262      1718
           4    0.56922   0.65803   0.61041      1737
           5    0.89383   0.73903   0.80909      2529

    accuracy                        0.79340     10000
   macro avg    0.79277   0.79134   0.78904     10000
weighted avg    0.80911   0.79340   0.79801     10000

Testing
              precision    recall  f1-score   support

           1    0.96507   0.95259   0.95879       232
           2    0.82323   0.81095   0.81704       201
           3    0.60302   0.71429   0.65395       168
           4    0.51337   0.58182   0.54545       165
           5    0.85027   0.67949   0.75534       234

    accuracy                        0.75900      1000
   macro avg    0.75099   0.74782   0.74612      1000
weighted avg    0.77434   0.75900   0.76328      1000




Hidden layer Architecture [1025, 10, 5]
epoch: 4000
Training
              precision    recall  f1-score   support

           1    0.99188   0.93362   0.96187      2094
           2    0.84226   0.88335   0.86232      1886
           3    0.69211   0.78228   0.73444      1727
           4    0.58715   0.66913   0.62546      1762
           5    0.90292   0.74595   0.81696      2531

    accuracy                        0.80390     10000
   macro avg    0.80327   0.80287   0.80021     10000
weighted avg    0.81806   0.80390   0.80787     10000

Testing
              precision    recall  f1-score   support

           1    0.96943   0.95279   0.96104       233
           2    0.80303   0.82383   0.81330       193
           3    0.62814   0.71023   0.66667       176
           4    0.53476   0.60606   0.56818       165
           5    0.85561   0.68670   0.76190       233

    accuracy                        0.76600      1000
   macro avg    0.75820   0.75592   0.75422      1000
weighted avg    0.77901   0.76600   0.76950      1000




Hidden layer Architecture [1025, 10, 5]
epoch: 4500
Training
              precision    recall  f1-score   support

           1    0.99290   0.94222   0.96690      2077
           2    0.84681   0.89909   0.87217      1863
           3    0.71004   0.78840   0.74717      1758
           4    0.60209   0.68305   0.64002      1770
           5    0.91105   0.75237   0.82414      2532

    accuracy                        0.81320     10000
   macro avg    0.81258   0.81303   0.81008     10000
weighted avg    0.82606   0.81320   0.81662     10000

Testing
              precision    recall  f1-score   support

           1    0.97380   0.95708   0.96537       233
           2    0.80808   0.82902   0.81841       193
           3    0.62312   0.73373   0.67391       169
           4    0.56684   0.59551   0.58082       178
           5    0.84492   0.69604   0.76329       227

    accuracy                        0.77100      1000
   macro avg    0.76335   0.76227   0.76036      1000
weighted avg    0.78086   0.77100   0.77343      1000




Hidden layer Architecture [1025, 10, 5]
epoch: 5000
Training
              precision    recall  f1-score   support

           1    0.99391   0.94913   0.97100      2064
           2    0.85137   0.90635   0.87800      1858
           3    0.72439   0.78862   0.75514      1793
           4    0.61355   0.69369   0.65116      1776
           5    0.91392   0.76166   0.83087      2509

    accuracy                        0.82000     10000
   macro avg    0.81942   0.81989   0.81723     10000
weighted avg    0.83148   0.82000   0.82306     10000

Testing
              precision    recall  f1-score   support

           1    0.96943   0.95690   0.96312       232
           2    0.81313   0.82564   0.81934       195
           3    0.63317   0.73684   0.68108       171
           4    0.56150   0.59659   0.57851       176
           5    0.85027   0.70354   0.76998       226

    accuracy                        0.77300      1000
   macro avg    0.76550   0.76390   0.76241      1000
weighted avg    0.78272   0.77300   0.77551      1000




