Hidden layer Architecture [1025, 512, 256, 5]
epoch: 500
Training
              precision    recall  f1-score   support

           1    0.92187   0.91953   0.92070      1976
           2    0.77452   0.75320   0.76371      2034
           3    0.57889   0.65055   0.61263      1737
           4    0.53088   0.57128   0.55034      1866
           5    0.82975   0.72685   0.77490      2387

    accuracy                        0.72800     10000
   macro avg    0.72718   0.72428   0.72446     10000
weighted avg    0.73737   0.72800   0.73134     10000

Testing
              precision    recall  f1-score   support

           1    0.93013   0.95089   0.94040       224
           2    0.76263   0.75124   0.75689       201
           3    0.54271   0.62791   0.58221       172
           4    0.58824   0.52885   0.55696       208
           5    0.74332   0.71282   0.72775       195

    accuracy                        0.72100      1000
   macro avg    0.71340   0.71434   0.71284      1000
weighted avg    0.72228   0.72100   0.72068      1000




Hidden layer Architecture [1025, 512, 256, 5]
epoch: 1000
Training
              precision    recall  f1-score   support

           1    0.96905   0.97899   0.97399      1951
           2    0.86805   0.87513   0.87157      1962
           3    0.67930   0.76339   0.71889      1737
           4    0.61554   0.63482   0.62503      1947
           5    0.86753   0.75489   0.80730      2403

    accuracy                        0.80030     10000
   macro avg    0.79989   0.80144   0.79936     10000
weighted avg    0.80568   0.80030   0.80159     10000

Testing
              precision    recall  f1-score   support

           1    0.97380   0.99554   0.98455       224
           2    0.85859   0.82927   0.84367       205
           3    0.60804   0.73333   0.66484       165
           4    0.65241   0.60697   0.62887       201
           5    0.83422   0.76098   0.79592       205

    accuracy                        0.79200      1000
   macro avg    0.78541   0.78522   0.78357      1000
weighted avg    0.79662   0.79200   0.79275      1000




Hidden layer Architecture [1025, 512, 256, 5]
epoch: 1500
Training
              precision    recall  f1-score   support

           1    0.98529   0.99386   0.98955      1954
           2    0.92568   0.94236   0.93395      1943
           3    0.79611   0.84091   0.81789      1848
           4    0.70120   0.71004   0.70559      1983
           5    0.87470   0.80502   0.83841      2272

    accuracy                        0.85640     10000
   macro avg    0.85659   0.85844   0.85708     10000
weighted avg    0.85728   0.85640   0.85638     10000

Testing
              precision    recall  f1-score   support

           1    0.98253   0.99558   0.98901       226
           2    0.88384   0.87500   0.87940       200
           3    0.69849   0.78977   0.74133       176
           4    0.68984   0.65816   0.67363       196
           5    0.85027   0.78713   0.81748       202

    accuracy                        0.82700      1000
   macro avg    0.82099   0.82113   0.82017      1000
weighted avg    0.82872   0.82700   0.82703      1000




Hidden layer Architecture [1025, 512, 256, 5]
epoch: 2000
Training
              precision    recall  f1-score   support

           1    0.99087   0.99541   0.99314      1962
           2    0.95197   0.96366   0.95778      1954
           3    0.88986   0.87243   0.88106      1991
           4    0.78635   0.77137   0.77879      2047
           5    0.85270   0.87146   0.86198      2046

    accuracy                        0.89350     10000
   macro avg    0.89435   0.89487   0.89455     10000
weighted avg    0.89302   0.89350   0.89320     10000

Testing
              precision    recall  f1-score   support

           1    0.99127   0.99561   0.99344       228
           2    0.90404   0.88177   0.89277       203
           3    0.75879   0.77835   0.76845       194
           4    0.73262   0.68159   0.70619       201
           5    0.79679   0.85632   0.82548       174

    accuracy                        0.84300      1000
   macro avg    0.83670   0.83873   0.83726      1000
weighted avg    0.84263   0.84300   0.84239      1000




Hidden layer Architecture [1025, 512, 256, 5]
epoch: 2500
Training
              precision    recall  f1-score   support

           1    0.99340   0.99593   0.99467      1966
           2    0.96158   0.97239   0.96695      1956
           3    0.92725   0.89075   0.90863      2032
           4    0.84213   0.84592   0.84402      1999
           5    0.90053   0.91988   0.91010      2047

    accuracy                        0.92440     10000
   macro avg    0.92498   0.92498   0.92488     10000
weighted avg    0.92449   0.92440   0.92434     10000

Testing
              precision    recall  f1-score   support

           1    0.99127   0.99127   0.99127       229
           2    0.93939   0.90291   0.92079       206
           3    0.79397   0.80612   0.80000       196
           4    0.73262   0.70619   0.71916       194
           5    0.81283   0.86857   0.83978       175

    accuracy                        0.86000      1000
   macro avg    0.85402   0.85501   0.85420      1000
weighted avg    0.86051   0.86000   0.85996      1000



