Hidden layer Architecture [1025, 1, 5]
epoch: 500
Training
              precision    recall  f1-score   support

           1    1.00000   0.19710   0.32930     10000
           2    0.00000   0.00000   0.00000         0
           3    0.00000   0.00000   0.00000         0
           4    0.00000   0.00000   0.00000         0
           5    0.00000   0.00000   0.00000         0

    accuracy                        0.19710     10000
   macro avg    0.20000   0.03942   0.06586     10000
weighted avg    1.00000   0.19710   0.32930     10000

Testing
              precision    recall  f1-score   support

           1    1.00000   0.22900   0.37266      1000
           2    0.00000   0.00000   0.00000         0
           3    0.00000   0.00000   0.00000         0
           4    0.00000   0.00000   0.00000         0
           5    0.00000   0.00000   0.00000         0

    accuracy                        0.22900      1000
   macro avg    0.20000   0.04580   0.07453      1000
weighted avg    1.00000   0.22900   0.37266      1000




Hidden layer Architecture [1025, 1, 5]
epoch: 1000
Training
              precision    recall  f1-score   support

           1    1.00000   0.19710   0.32930     10000
           2    0.00000   0.00000   0.00000         0
           3    0.00000   0.00000   0.00000         0
           4    0.00000   0.00000   0.00000         0
           5    0.00000   0.00000   0.00000         0

    accuracy                        0.19710     10000
   macro avg    0.20000   0.03942   0.06586     10000
weighted avg    1.00000   0.19710   0.32930     10000

Testing
              precision    recall  f1-score   support

           1    1.00000   0.22900   0.37266      1000
           2    0.00000   0.00000   0.00000         0
           3    0.00000   0.00000   0.00000         0
           4    0.00000   0.00000   0.00000         0
           5    0.00000   0.00000   0.00000         0

    accuracy                        0.22900      1000
   macro avg    0.20000   0.04580   0.07453      1000
weighted avg    1.00000   0.22900   0.37266      1000




Hidden layer Architecture [1025, 1, 5]
epoch: 1500
Training
              precision    recall  f1-score   support

           1    1.00000   0.19710   0.32930     10000
           2    0.00000   0.00000   0.00000         0
           3    0.00000   0.00000   0.00000         0
           4    0.00000   0.00000   0.00000         0
           5    0.00000   0.00000   0.00000         0

    accuracy                        0.19710     10000
   macro avg    0.20000   0.03942   0.06586     10000
weighted avg    1.00000   0.19710   0.32930     10000

Testing
              precision    recall  f1-score   support

           1    1.00000   0.22900   0.37266      1000
           2    0.00000   0.00000   0.00000         0
           3    0.00000   0.00000   0.00000         0
           4    0.00000   0.00000   0.00000         0
           5    0.00000   0.00000   0.00000         0

    accuracy                        0.22900      1000
   macro avg    0.20000   0.04580   0.07453      1000
weighted avg    1.00000   0.22900   0.37266      1000




Hidden layer Architecture [1025, 1, 5]
epoch: 2000
Training
              precision    recall  f1-score   support

           1    1.00000   0.19710   0.32930     10000
           2    0.00000   0.00000   0.00000         0
           3    0.00000   0.00000   0.00000         0
           4    0.00000   0.00000   0.00000         0
           5    0.00000   0.00000   0.00000         0

    accuracy                        0.19710     10000
   macro avg    0.20000   0.03942   0.06586     10000
weighted avg    1.00000   0.19710   0.32930     10000

Testing
              precision    recall  f1-score   support

           1    1.00000   0.22900   0.37266      1000
           2    0.00000   0.00000   0.00000         0
           3    0.00000   0.00000   0.00000         0
           4    0.00000   0.00000   0.00000         0
           5    0.00000   0.00000   0.00000         0

    accuracy                        0.22900      1000
   macro avg    0.20000   0.04580   0.07453      1000
weighted avg    1.00000   0.22900   0.37266      1000




Hidden layer Architecture [1025, 1, 5]
epoch: 2500
Training
              precision    recall  f1-score   support

           1    1.00000   0.19710   0.32930     10000
           2    0.00000   0.00000   0.00000         0
           3    0.00000   0.00000   0.00000         0
           4    0.00000   0.00000   0.00000         0
           5    0.00000   0.00000   0.00000         0

    accuracy                        0.19710     10000
   macro avg    0.20000   0.03942   0.06586     10000
weighted avg    1.00000   0.19710   0.32930     10000

Testing
              precision    recall  f1-score   support

           1    1.00000   0.22900   0.37266      1000
           2    0.00000   0.00000   0.00000         0
           3    0.00000   0.00000   0.00000         0
           4    0.00000   0.00000   0.00000         0
           5    0.00000   0.00000   0.00000         0

    accuracy                        0.22900      1000
   macro avg    0.20000   0.04580   0.07453      1000
weighted avg    1.00000   0.22900   0.37266      1000




Hidden layer Architecture [1025, 1, 5]
epoch: 3000
Training
              precision    recall  f1-score   support

           1    1.00000   0.19710   0.32930     10000
           2    0.00000   0.00000   0.00000         0
           3    0.00000   0.00000   0.00000         0
           4    0.00000   0.00000   0.00000         0
           5    0.00000   0.00000   0.00000         0

    accuracy                        0.19710     10000
   macro avg    0.20000   0.03942   0.06586     10000
weighted avg    1.00000   0.19710   0.32930     10000

Testing
              precision    recall  f1-score   support

           1    1.00000   0.22900   0.37266      1000
           2    0.00000   0.00000   0.00000         0
           3    0.00000   0.00000   0.00000         0
           4    0.00000   0.00000   0.00000         0
           5    0.00000   0.00000   0.00000         0

    accuracy                        0.22900      1000
   macro avg    0.20000   0.04580   0.07453      1000
weighted avg    1.00000   0.22900   0.37266      1000




Hidden layer Architecture [1025, 1, 5]
epoch: 3500
Training
              precision    recall  f1-score   support

           1    1.00000   0.19710   0.32930     10000
           2    0.00000   0.00000   0.00000         0
           3    0.00000   0.00000   0.00000         0
           4    0.00000   0.00000   0.00000         0
           5    0.00000   0.00000   0.00000         0

    accuracy                        0.19710     10000
   macro avg    0.20000   0.03942   0.06586     10000
weighted avg    1.00000   0.19710   0.32930     10000

Testing
              precision    recall  f1-score   support

           1    1.00000   0.22900   0.37266      1000
           2    0.00000   0.00000   0.00000         0
           3    0.00000   0.00000   0.00000         0
           4    0.00000   0.00000   0.00000         0
           5    0.00000   0.00000   0.00000         0

    accuracy                        0.22900      1000
   macro avg    0.20000   0.04580   0.07453      1000
weighted avg    1.00000   0.22900   0.37266      1000




Hidden layer Architecture [1025, 1, 5]
epoch: 4000
Training
              precision    recall  f1-score   support

           1    1.00000   0.19710   0.32930     10000
           2    0.00000   0.00000   0.00000         0
           3    0.00000   0.00000   0.00000         0
           4    0.00000   0.00000   0.00000         0
           5    0.00000   0.00000   0.00000         0

    accuracy                        0.19710     10000
   macro avg    0.20000   0.03942   0.06586     10000
weighted avg    1.00000   0.19710   0.32930     10000

Testing
              precision    recall  f1-score   support

           1    1.00000   0.22900   0.37266      1000
           2    0.00000   0.00000   0.00000         0
           3    0.00000   0.00000   0.00000         0
           4    0.00000   0.00000   0.00000         0
           5    0.00000   0.00000   0.00000         0

    accuracy                        0.22900      1000
   macro avg    0.20000   0.04580   0.07453      1000
weighted avg    1.00000   0.22900   0.37266      1000




Hidden layer Architecture [1025, 1, 5]
epoch: 4500
Training
              precision    recall  f1-score   support

           1    1.00000   0.19710   0.32930     10000
           2    0.00000   0.00000   0.00000         0
           3    0.00000   0.00000   0.00000         0
           4    0.00000   0.00000   0.00000         0
           5    0.00000   0.00000   0.00000         0

    accuracy                        0.19710     10000
   macro avg    0.20000   0.03942   0.06586     10000
weighted avg    1.00000   0.19710   0.32930     10000

Testing
              precision    recall  f1-score   support

           1    1.00000   0.22900   0.37266      1000
           2    0.00000   0.00000   0.00000         0
           3    0.00000   0.00000   0.00000         0
           4    0.00000   0.00000   0.00000         0
           5    0.00000   0.00000   0.00000         0

    accuracy                        0.22900      1000
   macro avg    0.20000   0.04580   0.07453      1000
weighted avg    1.00000   0.22900   0.37266      1000




Hidden layer Architecture [1025, 1, 5]
epoch: 5000
Training
              precision    recall  f1-score   support

           1    1.00000   0.19710   0.32930     10000
           2    0.00000   0.00000   0.00000         0
           3    0.00000   0.00000   0.00000         0
           4    0.00000   0.00000   0.00000         0
           5    0.00000   0.00000   0.00000         0

    accuracy                        0.19710     10000
   macro avg    0.20000   0.03942   0.06586     10000
weighted avg    1.00000   0.19710   0.32930     10000

Testing
              precision    recall  f1-score   support

           1    1.00000   0.22900   0.37266      1000
           2    0.00000   0.00000   0.00000         0
           3    0.00000   0.00000   0.00000         0
           4    0.00000   0.00000   0.00000         0
           5    0.00000   0.00000   0.00000         0

    accuracy                        0.22900      1000
   macro avg    0.20000   0.04580   0.07453      1000
weighted avg    1.00000   0.22900   0.37266      1000

