Hidden layer Architecture [1025, 50, 5]
epoch: 500
Training
              precision    recall  f1-score   support

           1    0.93861   0.88985   0.91358      2079
           2    0.75531   0.73741   0.74625      2026
           3    0.58402   0.64189   0.61159      1776
           4    0.52739   0.59162   0.55766      1790
           5    0.82257   0.73851   0.77828      2329

    accuracy                        0.72630     10000
   macro avg    0.72558   0.71986   0.72147     10000
weighted avg    0.73786   0.72630   0.73083     10000

Testing
              precision    recall  f1-score   support

           1    0.93450   0.92241   0.92842       232
           2    0.72727   0.72362   0.72544       199
           3    0.53266   0.62722   0.57609       169
           4    0.58824   0.53140   0.55838       207
           5    0.72193   0.69948   0.71053       193

    accuracy                        0.70900      1000
   macro avg    0.70092   0.70083   0.69977      1000
weighted avg    0.71265   0.70900   0.70983      1000




Hidden layer Architecture [1025, 50, 5]
epoch: 1000
Training
              precision    recall  f1-score   support

           1    0.96449   0.93369   0.94884      2036
           2    0.82356   0.80444   0.81389      2025
           3    0.64191   0.71600   0.67693      1750
           4    0.59761   0.64900   0.62225      1849
           5    0.85748   0.76624   0.80930      2340

    accuracy                        0.77760     10000
   macro avg    0.77701   0.77388   0.77424     10000
weighted avg    0.78662   0.77760   0.78089     10000

Testing
              precision    recall  f1-score   support

           1    0.96070   0.95238   0.95652       231
           2    0.77778   0.78571   0.78173       196
           3    0.59799   0.66854   0.63130       178
           4    0.60428   0.57071   0.58701       198
           5    0.77005   0.73096   0.75000       197

    accuracy                        0.75000      1000
   macro avg    0.74216   0.74166   0.74131      1000
weighted avg    0.75216   0.75000   0.75052      1000




Hidden layer Architecture [1025, 50, 5]
epoch: 1500
Training
              precision    recall  f1-score   support

           1    0.98072   0.96121   0.97087      2011
           2    0.87513   0.85948   0.86723      2014
           3    0.70031   0.77892   0.73752      1755
           4    0.67082   0.69793   0.68410      1930
           5    0.87948   0.80306   0.83953      2290

    accuracy                        0.82170     10000
   macro avg    0.82129   0.82012   0.81985     10000
weighted avg    0.82725   0.82170   0.82362     10000

Testing
              precision    recall  f1-score   support

           1    0.96943   0.96104   0.96522       231
           2    0.82323   0.81095   0.81704       201
           3    0.65829   0.74857   0.70053       175
           4    0.67380   0.63636   0.65455       198
           5    0.79144   0.75897   0.77487       195

    accuracy                        0.79000      1000
   macro avg    0.78324   0.78318   0.78244      1000
weighted avg    0.79235   0.79000   0.79048      1000




Hidden layer Architecture [1025, 50, 5]
epoch: 2000
Training
              precision    recall  f1-score   support

           1    0.98579   0.97247   0.97909      1998
           2    0.90394   0.89445   0.89917      1999
           3    0.76691   0.82570   0.79522      1813
           4    0.73556   0.75357   0.74446      1960
           5    0.89718   0.84126   0.86832      2230

    accuracy                        0.85810     10000
   macro avg    0.85788   0.85749   0.85725     10000
weighted avg    0.86094   0.85810   0.85909     10000

Testing
              precision    recall  f1-score   support

           1    0.97380   0.96957   0.97168       230
           2    0.84848   0.83582   0.84211       201
           3    0.67839   0.77143   0.72193       175
           4    0.70053   0.63285   0.66497       207
           5    0.78075   0.78075   0.78075       187

    accuracy                        0.80300      1000
   macro avg    0.79639   0.79808   0.79629      1000
weighted avg    0.80425   0.80300   0.80274      1000




Hidden layer Architecture [1025, 50, 5]
epoch: 2500
Training
              precision    recall  f1-score   support

           1    0.99087   0.98289   0.98686      1987
           2    0.93124   0.91642   0.92377      2010
           3    0.80994   0.86678   0.83739      1824
           4    0.79880   0.80320   0.80100      1997
           5    0.91583   0.87764   0.89633      2182

    accuracy                        0.88950     10000
   macro avg    0.88934   0.88938   0.88907     10000
weighted avg    0.89115   0.88950   0.89005     10000

Testing
              precision    recall  f1-score   support

           1    0.97380   0.98238   0.97807       227
           2    0.86869   0.83092   0.84938       207
           3    0.67337   0.76571   0.71658       175
           4    0.68984   0.62621   0.65649       206
           5    0.77540   0.78378   0.77957       185

    accuracy                        0.80300      1000
   macro avg    0.79622   0.79780   0.79602      1000
weighted avg    0.80427   0.80300   0.80270      1000




Hidden layer Architecture [1025, 50, 5]
epoch: 3000
Training
              precision    recall  f1-score   support

           1    0.99188   0.98787   0.98987      1979
           2    0.94641   0.93320   0.93976      2006
           3    0.84426   0.89858   0.87058      1834
           4    0.86355   0.83728   0.85021      2071
           5    0.92587   0.91754   0.92169      2110

    accuracy                        0.91450     10000
   macro avg    0.91439   0.91489   0.91442     10000
weighted avg    0.91518   0.91450   0.91463     10000

Testing
              precision    recall  f1-score   support

           1    0.97817   0.98246   0.98031       228
           2    0.87879   0.85294   0.86567       204
           3    0.68844   0.78286   0.73262       175
           4    0.71123   0.62150   0.66334       214
           5    0.76471   0.79888   0.78142       179

    accuracy                        0.81100      1000
   macro avg    0.80427   0.80773   0.80467      1000
weighted avg    0.81186   0.81100   0.81014      1000




Hidden layer Architecture [1025, 50, 5]
epoch: 3500
Training
              precision    recall  f1-score   support

           1    0.99391   0.98939   0.99165      1980
           2    0.95956   0.94334   0.95138      2012
           3    0.86783   0.92266   0.89440      1836
           4    0.91185   0.85761   0.88390      2135
           5    0.92874   0.95336   0.94089      2037

    accuracy                        0.93240     10000
   macro avg    0.93238   0.93327   0.93244     10000
weighted avg    0.93306   0.93240   0.93235     10000

Testing
              precision    recall  f1-score   support

           1    0.97817   0.98246   0.98031       228
           2    0.87879   0.85294   0.86567       204
           3    0.68342   0.78613   0.73118       173
           4    0.73797   0.61333   0.66990       225
           5    0.74332   0.81765   0.77871       170

    accuracy                        0.81100      1000
   macro avg    0.80433   0.81050   0.80516      1000
weighted avg    0.81293   0.81100   0.80971      1000




Hidden layer Architecture [1025, 50, 5]
epoch: 4000
Training
              precision    recall  f1-score   support

           1    0.99594   0.99041   0.99317      1982
           2    0.96663   0.95409   0.96032      2004
           3    0.89447   0.94226   0.91774      1853
           4    0.95020   0.88456   0.91621      2157
           5    0.93879   0.97954   0.95873      2004

    accuracy                        0.94920     10000
   macro avg    0.94921   0.95017   0.94923     10000
weighted avg    0.94994   0.94920   0.94911     10000

Testing
              precision    recall  f1-score   support

           1    0.98253   0.98253   0.98253       229
           2    0.89394   0.85507   0.87407       207
           3    0.67839   0.80357   0.73569       168
           4    0.75401   0.61304   0.67626       230
           5    0.73262   0.82530   0.77620       166

    accuracy                        0.81500      1000
   macro avg    0.80830   0.81590   0.80895      1000
weighted avg    0.81905   0.81500   0.81392      1000




Hidden layer Architecture [1025, 50, 5]
epoch: 4500
Training
              precision    recall  f1-score   support

           1    0.99746   0.99393   0.99570      1978
           2    0.97371   0.96252   0.96808      2001
           3    0.92418   0.95198   0.93787      1895
           4    0.96663   0.91384   0.93950      2124
           5    0.94931   0.99151   0.96995      2002

    accuracy                        0.96220     10000
   macro avg    0.96226   0.96276   0.96222     10000
weighted avg    0.96263   0.96220   0.96212     10000

Testing
              precision    recall  f1-score   support

           1    0.98253   0.98253   0.98253       229
           2    0.89394   0.86341   0.87841       205
           3    0.68844   0.79651   0.73854       172
           4    0.77005   0.61803   0.68571       233
           5    0.72727   0.84472   0.78161       161

    accuracy                        0.81900      1000
   macro avg    0.81245   0.82104   0.81336      1000
weighted avg    0.82318   0.81900   0.81771      1000




Hidden layer Architecture [1025, 50, 5]
epoch: 5000
Training
              precision    recall  f1-score   support

           1    0.99848   0.99545   0.99696      1977
           2    0.97826   0.96847   0.97334      1998
           3    0.94211   0.95981   0.95088      1916
           4    0.97361   0.93451   0.95366      2092
           5    0.95983   0.99504   0.97712      2017

    accuracy                        0.97040     10000
   macro avg    0.97046   0.97066   0.97039     10000
weighted avg    0.97064   0.97040   0.97035     10000

Testing
              precision    recall  f1-score   support

           1    0.98253   0.98253   0.98253       229
           2    0.90404   0.86893   0.88614       206
           3    0.68844   0.79651   0.73854       172
           4    0.77540   0.63319   0.69712       229
           5    0.75936   0.86585   0.80912       164

    accuracy                        0.82800      1000
   macro avg    0.82195   0.82940   0.82269      1000
weighted avg    0.83175   0.82800   0.82691      1000



