Hidden layer Architecture [1025, 5, 5]
epoch: 500
Training
              precision    recall  f1-score   support

           1    0.93658   0.85701   0.89503      2154
           2    0.68150   0.72590   0.70300      1857
           3    0.56762   0.59989   0.58331      1847
           4    0.44074   0.54697   0.48814      1618
           5    0.83740   0.69374   0.75883      2524

    accuracy                        0.69380     10000
   macro avg    0.69277   0.68470   0.68566     10000
weighted avg    0.71580   0.69380   0.70158     10000

Testing
              precision    recall  f1-score   support

           1    0.93013   0.89121   0.91026       239
           2    0.65657   0.69519   0.67532       187
           3    0.50754   0.57386   0.53867       176
           4    0.47594   0.48901   0.48238       182
           5    0.77540   0.67130   0.71960       216

    accuracy                        0.67800      1000
   macro avg    0.66911   0.66411   0.66525      1000
weighted avg    0.68851   0.67800   0.68187      1000




Hidden layer Architecture [1025, 5, 5]
epoch: 1000
Training
              precision    recall  f1-score   support

           1    0.94521   0.86732   0.90459      2148
           2    0.70576   0.74732   0.72595      1868
           3    0.55123   0.62413   0.58542      1724
           4    0.45468   0.54475   0.49566      1676
           5    0.85940   0.69543   0.76877      2584

    accuracy                        0.70450     10000
   macro avg    0.70326   0.69579   0.69608     10000
weighted avg    0.72817   0.70450   0.71256     10000

Testing
              precision    recall  f1-score   support

           1    0.93450   0.89916   0.91649       238
           2    0.67677   0.70526   0.69072       190
           3    0.48744   0.59146   0.53444       164
           4    0.49733   0.49206   0.49468       189
           5    0.77540   0.66210   0.71429       219

    accuracy                        0.68300      1000
   macro avg    0.67429   0.67001   0.67012      1000
weighted avg    0.69474   0.68300   0.68693      1000




Hidden layer Architecture [1025, 5, 5]
epoch: 1500
Training
              precision    recall  f1-score   support

           1    0.95738   0.86639   0.90962      2178
           2    0.71891   0.76329   0.74043      1863
           3    0.55430   0.64868   0.59779      1668
           4    0.47211   0.55601   0.51064      1705
           5    0.86466   0.69915   0.77315      2586

    accuracy                        0.71470     10000
   macro avg    0.71347   0.70670   0.70632     10000
weighted avg    0.73900   0.71470   0.72277     10000

Testing
              precision    recall  f1-score   support

           1    0.93886   0.88115   0.90909       244
           2    0.66162   0.70053   0.68052       187
           3    0.46734   0.59236   0.52247       157
           4    0.48663   0.48925   0.48794       186
           5    0.79679   0.65929   0.72155       226

    accuracy                        0.67900      1000
   macro avg    0.67025   0.66452   0.66431      1000
weighted avg    0.69677   0.67900   0.68493      1000




Hidden layer Architecture [1025, 5, 5]
epoch: 2000
Training
              precision    recall  f1-score   support

           1    0.96398   0.86837   0.91368      2188
           2    0.72902   0.77485   0.75124      1861
           3    0.56506   0.66246   0.60990      1665
           4    0.48257   0.56600   0.52097      1712
           5    0.86801   0.70513   0.77814      2574

    accuracy                        0.72290     10000
   macro avg    0.72173   0.71536   0.71478     10000
weighted avg    0.74671   0.72290   0.73075     10000

Testing
              precision    recall  f1-score   support

           1    0.93886   0.88477   0.91102       243
           2    0.67677   0.71658   0.69610       187
           3    0.50251   0.61350   0.55249       163
           4    0.47594   0.49444   0.48501       180
           5    0.80214   0.66079   0.72464       227

    accuracy                        0.68800      1000
   macro avg    0.67924   0.67402   0.67385      1000
weighted avg    0.70436   0.68800   0.69340      1000




Hidden layer Architecture [1025, 5, 5]
epoch: 2500
Training
              precision    recall  f1-score   support

           1    0.97108   0.87278   0.91931      2193
           2    0.74065   0.78848   0.76382      1858
           3    0.58043   0.67682   0.62493      1674
           4    0.49701   0.57956   0.53512      1722
           5    0.86992   0.71250   0.78338      2553

    accuracy                        0.73290     10000
   macro avg    0.73182   0.72603   0.72531     10000
weighted avg    0.75541   0.73290   0.74028     10000

Testing
              precision    recall  f1-score   support

           1    0.94323   0.88163   0.91139       245
           2    0.67677   0.70899   0.69251       189
           3    0.50251   0.61728   0.55402       162
           4    0.49198   0.51111   0.50136       180
           5    0.80214   0.66964   0.72993       224

    accuracy                        0.69200      1000
   macro avg    0.68333   0.67773   0.67784      1000
weighted avg    0.70864   0.69200   0.69767      1000




Hidden layer Architecture [1025, 5, 5]
epoch: 3000
Training
              precision    recall  f1-score   support

           1    0.97463   0.87837   0.92400      2187
           2    0.75177   0.79391   0.77227      1873
           3    0.59170   0.68424   0.63462      1688
           4    0.51096   0.59272   0.54881      1731
           5    0.86848   0.72035   0.78751      2521

    accuracy                        0.74050     10000
   macro avg    0.73951   0.73392   0.73344     10000
weighted avg    0.76123   0.74050   0.74738     10000

Testing
              precision    recall  f1-score   support

           1    0.94760   0.88571   0.91561       245
           2    0.68182   0.72193   0.70130       187
           3    0.52764   0.62874   0.57377       167
           4    0.48128   0.51724   0.49861       174
           5    0.81283   0.66960   0.73430       227

    accuracy                        0.69900      1000
   macro avg    0.69023   0.68465   0.68472      1000
weighted avg    0.71603   0.69900   0.70473      1000




Hidden layer Architecture [1025, 5, 5]
epoch: 3500
Training
              precision    recall  f1-score   support

           1    0.97666   0.88343   0.92771      2179
           2    0.76694   0.79758   0.78196      1902
           3    0.60143   0.69509   0.64488      1689
           4    0.52241   0.60149   0.55917      1744
           5    0.86705   0.72928   0.79222      2486

    accuracy                        0.74780     10000
   macro avg    0.74690   0.74137   0.74119     10000
weighted avg    0.76692   0.74780   0.75426     10000

Testing
              precision    recall  f1-score   support

           1    0.95197   0.88259   0.91597       247
           2    0.69697   0.73016   0.71318       189
           3    0.54271   0.65854   0.59504       164
           4    0.49733   0.53757   0.51667       173
           5    0.81818   0.67401   0.73913       227

    accuracy                        0.71000      1000
   macro avg    0.70143   0.69657   0.69600      1000
weighted avg    0.72763   0.71000   0.71579      1000




Hidden layer Architecture [1025, 5, 5]
epoch: 4000
Training
              precision    recall  f1-score   support

           1    0.97920   0.88613   0.93034      2178
           2    0.77856   0.80460   0.79137      1914
           3    0.61629   0.70599   0.65810      1704
           4    0.53137   0.61499   0.57013      1735
           5    0.86944   0.73633   0.79737      2469

    accuracy                        0.75580     10000
   macro avg    0.75497   0.74961   0.74946     10000
weighted avg    0.77416   0.75580   0.76202     10000

Testing
              precision    recall  f1-score   support

           1    0.95197   0.88259   0.91597       247
           2    0.69192   0.72872   0.70984       188
           3    0.55276   0.65476   0.59946       168
           4    0.50267   0.54971   0.52514       171
           5    0.82353   0.68142   0.74576       226

    accuracy                        0.71300      1000
   macro avg    0.70457   0.69944   0.69923      1000
weighted avg    0.73016   0.71300   0.71874      1000




Hidden layer Architecture [1025, 5, 5]
epoch: 4500
Training
              precision    recall  f1-score   support

           1    0.98072   0.88792   0.93202      2177
           2    0.79070   0.80911   0.79980      1933
           3    0.62602   0.71714   0.66849      1704
           4    0.54283   0.62428   0.58071      1746
           5    0.86753   0.74344   0.80071      2440

    accuracy                        0.76230     10000
   macro avg    0.76156   0.75638   0.75634     10000
weighted avg    0.77947   0.76230   0.76818     10000

Testing
              precision    recall  f1-score   support

           1    0.95633   0.88306   0.91824       248
           2    0.71717   0.73196   0.72449       194
           3    0.56784   0.68072   0.61918       166
           4    0.52406   0.57310   0.54749       171
           5    0.82353   0.69683   0.75490       221

    accuracy                        0.72600      1000
   macro avg    0.71779   0.71314   0.71286      1000
weighted avg    0.74218   0.72600   0.73151      1000




Hidden layer Architecture [1025, 5, 5]
epoch: 5000
Training
              precision    recall  f1-score   support

           1    0.98427   0.89113   0.93539      2177
           2    0.79879   0.81485   0.80674      1939
           3    0.63678   0.72016   0.67591      1726
           4    0.55129   0.63584   0.59056      1741
           5    0.86992   0.75259   0.80701      2417

    accuracy                        0.76890     10000
   macro avg    0.76821   0.76292   0.76312     10000
weighted avg    0.78531   0.76890   0.77459     10000

Testing
              precision    recall  f1-score   support

           1    0.95197   0.88980   0.91983       245
           2    0.73232   0.73604   0.73418       197
           3    0.57789   0.68452   0.62670       168
           4    0.52941   0.58235   0.55462       170
           5    0.82888   0.70455   0.76167       220

    accuracy                        0.73200      1000
   macro avg    0.72409   0.71945   0.71940      1000
weighted avg    0.74694   0.73200   0.73713      1000

