Hidden layer Architecture [1025, 512, 5]
epoch: 500
Training
              precision    recall  f1-score   support

           1    0.93709   0.87123   0.90296      2120
           2    0.73761   0.72623   0.73188      2009
           3    0.51537   0.64611   0.57338      1557
           4    0.53287   0.56764   0.54970      1885
           5    0.84027   0.72334   0.77743      2429

    accuracy                        0.71390     10000
   macro avg    0.71264   0.70691   0.70707     10000
weighted avg    0.73164   0.71390   0.72020     10000

Testing
              precision    recall  f1-score   support

           1    0.93886   0.89583   0.91684       240
           2    0.71717   0.70647   0.71178       201
           3    0.45729   0.62329   0.52754       146
           4    0.54545   0.49756   0.52041       205
           5    0.74332   0.66827   0.70380       208

    accuracy                        0.68900      1000
   macro avg    0.68042   0.67828   0.67607      1000
weighted avg    0.70267   0.68900   0.69320      1000




Hidden layer Architecture [1025, 512, 5]
epoch: 1000
Training
              precision    recall  f1-score   support

           1    0.96195   0.90892   0.93468      2086
           2    0.79221   0.80359   0.79786      1950
           3    0.61219   0.70794   0.65659      1688
           4    0.57769   0.62065   0.59840      1869
           5    0.85940   0.74657   0.79902      2407

    accuracy                        0.76150     10000
   macro avg    0.76069   0.75753   0.75731     10000
weighted avg    0.77331   0.76150   0.76556     10000

Testing
              precision    recall  f1-score   support

           1    0.95633   0.93191   0.94397       235
           2    0.75253   0.76804   0.76020       194
           3    0.55276   0.64706   0.59621       170
           4    0.57754   0.54545   0.56104       198
           5    0.77005   0.70936   0.73846       203

    accuracy                        0.73000      1000
   macro avg    0.72184   0.72037   0.71998      1000
weighted avg    0.73537   0.73000   0.73166      1000




Hidden layer Architecture [1025, 512, 5]
epoch: 1500
Training
              precision    recall  f1-score   support

           1    0.98021   0.94521   0.96239      2044
           2    0.84226   0.85788   0.85000      1942
           3    0.67162   0.76399   0.71483      1716
           4    0.63098   0.66754   0.64875      1898
           5    0.88092   0.76750   0.82031      2400

    accuracy                        0.80180     10000
   macro avg    0.80120   0.80042   0.79925     10000
weighted avg    0.81035   0.80180   0.80445     10000

Testing
              precision    recall  f1-score   support

           1    0.96070   0.95652   0.95861       230
           2    0.78788   0.79188   0.78987       197
           3    0.59799   0.70000   0.64499       170
           4    0.62567   0.60000   0.61257       195
           5    0.81283   0.73077   0.76962       208

    accuracy                        0.76400      1000
   macro avg    0.75701   0.75583   0.75513      1000
weighted avg    0.76891   0.76400   0.76526      1000




Hidden layer Architecture [1025, 512, 5]
epoch: 2000
Training
              precision    recall  f1-score   support

           1    0.98579   0.96667   0.97614      2010
           2    0.88524   0.90118   0.89314      1943
           3    0.72029   0.81697   0.76559      1721
           4    0.65986   0.70292   0.68071      1885
           5    0.90579   0.77591   0.83583      2441

    accuracy                        0.83190     10000
   macro avg    0.83139   0.83273   0.83028     10000
weighted avg    0.83959   0.83190   0.83384     10000

Testing
              precision    recall  f1-score   support

           1    0.97817   0.96552   0.97180       232
           2    0.80808   0.81633   0.81218       196
           3    0.61307   0.73939   0.67033       165
           4    0.65775   0.62121   0.63896       198
           5    0.82888   0.74163   0.78283       209

    accuracy                        0.78400      1000
   macro avg    0.77719   0.77682   0.77522      1000
weighted avg    0.78994   0.78400   0.78538      1000




Hidden layer Architecture [1025, 512, 5]
epoch: 2500
Training
              precision    recall  f1-score   support

           1    0.98985   0.97942   0.98461      1992
           2    0.91608   0.93162   0.92378      1945
           3    0.77152   0.85910   0.81296      1753
           4    0.69871   0.74827   0.72264      1875
           5    0.92587   0.79507   0.85550      2435

    accuracy                        0.86080     10000
   macro avg    0.86040   0.86269   0.85990     10000
weighted avg    0.86706   0.86080   0.86213     10000

Testing
              precision    recall  f1-score   support

           1    0.97817   0.98246   0.98031       228
           2    0.84343   0.84772   0.84557       197
           3    0.66332   0.77647   0.71545       170
           4    0.64706   0.63684   0.64191       190
           5    0.84492   0.73488   0.78607       215

    accuracy                        0.80200      1000
   macro avg    0.79538   0.79567   0.79386      1000
weighted avg    0.80654   0.80200   0.80268      1000




