Hidden layer Architecture [1025, 512, 256, 128, 5]
epoch: 500
Training
              precision    recall  f1-score   support

           1    0.91223   0.91408   0.91315      1967
           2    0.76239   0.74067   0.75137      2036
           3    0.60041   0.61945   0.60978      1892
           4    0.47361   0.55194   0.50978      1723
           5    0.80679   0.70823   0.75430      2382

    accuracy                        0.71160     10000
   macro avg    0.71108   0.70687   0.70768     10000
weighted avg    0.72203   0.71160   0.71548     10000

Testing
              precision    recall  f1-score   support

           1    0.92576   0.92982   0.92779       228
           2    0.72222   0.72959   0.72589       196
           3    0.56784   0.61413   0.59008       184
           4    0.54011   0.53439   0.53723       189
           5    0.75401   0.69458   0.72308       203

    accuracy                        0.71000      1000
   macro avg    0.70199   0.70050   0.70081      1000
weighted avg    0.71226   0.71000   0.71071      1000




Hidden layer Architecture [1025, 512, 256, 128, 5]
epoch: 1000
Training
              precision    recall  f1-score   support

           1    0.96601   0.98858   0.97716      1926
           2    0.87715   0.88340   0.88026      1964
           3    0.72848   0.73985   0.73412      1922
           4    0.57470   0.63372   0.60277      1821
           5    0.84888   0.74989   0.79632      2367

    accuracy                        0.79900     10000
   macro avg    0.79904   0.79909   0.79813     10000
weighted avg    0.80392   0.79900   0.80044     10000

Testing
              precision    recall  f1-score   support

           1    0.97817   0.99115   0.98462       226
           2    0.84343   0.86979   0.85641       192
           3    0.71357   0.72821   0.72081       195
           4    0.62567   0.62234   0.62400       188
           5    0.80214   0.75377   0.77720       199

    accuracy                        0.80000      1000
   macro avg    0.79260   0.79305   0.79261      1000
weighted avg    0.79940   0.80000   0.79949      1000




Hidden layer Architecture [1025, 512, 256, 128, 5]
epoch: 1500
Training
              precision    recall  f1-score   support

           1    0.94216   0.99731   0.96895      1862
           2    0.86653   0.91658   0.89085      1870
           3    0.78689   0.78729   0.78709      1951
           4    0.61006   0.67942   0.64288      1803
           5    0.89957   0.74821   0.81694      2514

    accuracy                        0.82130     10000
   macro avg    0.82104   0.82576   0.82134     10000
weighted avg    0.82714   0.82130   0.82186     10000

Testing
              precision    recall  f1-score   support

           1    0.94323   1.00000   0.97079       216
           2    0.82323   0.84456   0.83376       193
           3    0.68844   0.73262   0.70984       187
           4    0.60963   0.60638   0.60800       188
           5    0.83957   0.72685   0.77916       216

    accuracy                        0.78700      1000
   macro avg    0.78082   0.78208   0.78031      1000
weighted avg    0.78732   0.78700   0.78595      1000




Hidden layer Architecture [1025, 512, 256, 128, 5]
epoch: 2000
Training
              precision    recall  f1-score   support

           1    0.96753   0.99843   0.98274      1910
           2    0.89232   0.94841   0.91951      1861
           3    0.83811   0.83257   0.83533      1965
           4    0.66584   0.74195   0.70184      1802
           5    0.91248   0.77498   0.83813      2462

    accuracy                        0.85530     10000
   macro avg    0.85526   0.85927   0.85551     10000
weighted avg    0.86018   0.85530   0.85578     10000

Testing
              precision    recall  f1-score   support

           1    0.96943   0.99552   0.98230       223
           2    0.83838   0.88770   0.86234       187
           3    0.71357   0.75132   0.73196       189
           4    0.62032   0.62366   0.62198       186
           5    0.85561   0.74419   0.79602       215

    accuracy                        0.80600      1000
   macro avg    0.79946   0.80048   0.79892      1000
weighted avg    0.80716   0.80600   0.80548      1000




Hidden layer Architecture [1025, 512, 256, 128, 5]
epoch: 2500
Training
              precision    recall  f1-score   support

           1    0.97869   0.99896   0.98872      1931
           2    0.94085   0.96475   0.95265      1929
           3    0.87346   0.89174   0.88251      1912
           4    0.73058   0.79642   0.76208      1842
           5    0.92635   0.81182   0.86531      2386

    accuracy                        0.88990     10000
   macro avg    0.88999   0.89274   0.89025     10000
weighted avg    0.89308   0.88990   0.89026     10000

Testing
              precision    recall  f1-score   support

           1    0.97817   0.99556   0.98678       225
           2    0.88384   0.89744   0.89059       195
           3    0.72362   0.78689   0.75393       183
           4    0.64706   0.65054   0.64879       186
           5    0.86096   0.76303   0.80905       211

    accuracy                        0.82500      1000
   macro avg    0.81873   0.81869   0.81783      1000
weighted avg    0.82687   0.82500   0.82504      1000



