Hidden layer Architecture [1025, 100, 5]
epoch: 500
Training
              precision    recall  f1-score   support

           1    0.93455   0.88600   0.90963      2079
           2    0.75531   0.72914   0.74199      2049
           3    0.55225   0.64167   0.59361      1680
           4    0.53038   0.58165   0.55483      1831
           5    0.82783   0.73316   0.77763      2361

    accuracy                        0.72100     10000
   macro avg    0.72007   0.71432   0.71554     10000
weighted avg    0.73440   0.72100   0.72606     10000

Testing
              precision    recall  f1-score   support

           1    0.93450   0.91845   0.92641       233
           2    0.73232   0.70732   0.71960       205
           3    0.49246   0.62821   0.55211       156
           4    0.58289   0.52404   0.55190       208
           5    0.72727   0.68687   0.70649       198

    accuracy                        0.70200      1000
   macro avg    0.69389   0.69298   0.69130      1000
weighted avg    0.70993   0.70200   0.70418      1000




Hidden layer Architecture [1025, 100, 5]
epoch: 1000
Training
              precision    recall  f1-score   support

           1    0.96296   0.92721   0.94475      2047
           2    0.82053   0.79833   0.80927      2033
           3    0.61629   0.70765   0.65882      1700
           4    0.59313   0.62520   0.60874      1905
           5    0.84362   0.76199   0.80073      2315

    accuracy                        0.76790     10000
   macro avg    0.76730   0.76407   0.76446     10000
weighted avg    0.77699   0.76790   0.77125     10000

Testing
              precision    recall  f1-score   support

           1    0.95633   0.94805   0.95217       231
           2    0.78788   0.76471   0.77612       204
           3    0.56784   0.67665   0.61749       167
           4    0.62032   0.56039   0.58883       207
           5    0.75401   0.73822   0.74603       191

    accuracy                        0.74500      1000
   macro avg    0.73728   0.73760   0.73613      1000
weighted avg    0.74889   0.74500   0.74578      1000




Hidden layer Architecture [1025, 100, 5]
epoch: 1500
Training
              precision    recall  f1-score   support

           1    0.98579   0.95903   0.97223      2026
           2    0.86754   0.86145   0.86448      1992
           3    0.68135   0.77191   0.72381      1723
           4    0.65438   0.67802   0.66599      1938
           5    0.87135   0.78501   0.82593      2321

    accuracy                        0.81250     10000
   macro avg    0.81209   0.81108   0.81049     10000
weighted avg    0.81899   0.81250   0.81466     10000

Testing
              precision    recall  f1-score   support

           1    0.96943   0.96522   0.96732       230
           2    0.82323   0.79512   0.80893       205
           3    0.58794   0.72671   0.65000       161
           4    0.65775   0.59709   0.62595       206
           5    0.79679   0.75253   0.77403       198

    accuracy                        0.77400      1000
   macro avg    0.76703   0.76733   0.76525      1000
weighted avg    0.77965   0.77400   0.77517      1000




Hidden layer Architecture [1025, 100, 5]
epoch: 2000
Training
              precision    recall  f1-score   support

           1    0.99442   0.97030   0.98221      2020
           2    0.90546   0.89371   0.89955      2004
           3    0.72387   0.82923   0.77298      1704
           4    0.70717   0.71717   0.71214      1980
           5    0.89000   0.81195   0.84919      2292

    accuracy                        0.84450     10000
   macro avg    0.84419   0.84447   0.84321     10000
weighted avg    0.84968   0.84450   0.84603     10000

Testing
              precision    recall  f1-score   support

           1    0.98690   0.97414   0.98048       232
           2    0.84848   0.83168   0.84000       202
           3    0.59296   0.74214   0.65922       159
           4    0.66310   0.59330   0.62626       209
           5    0.80749   0.76263   0.78442       198

    accuracy                        0.78700      1000
   macro avg    0.77979   0.78078   0.77807      1000
weighted avg    0.79311   0.78700   0.78817      1000




Hidden layer Architecture [1025, 100, 5]
epoch: 2500
Training
              precision    recall  f1-score   support

           1    0.99696   0.98201   0.98943      2001
           2    0.93225   0.91242   0.92223      2021
           3    0.77049   0.86786   0.81628      1733
           4    0.78536   0.77304   0.77915      2040
           5    0.90961   0.86259   0.88547      2205

    accuracy                        0.87920     10000
   macro avg    0.87893   0.87958   0.87851     10000
weighted avg    0.88221   0.87920   0.88002     10000

Testing
              precision    recall  f1-score   support

           1    0.98690   0.97414   0.98048       232
           2    0.87374   0.83981   0.85644       206
           3    0.60302   0.76923   0.67606       156
           4    0.68449   0.60952   0.64484       210
           5    0.81818   0.78061   0.79896       196

    accuracy                        0.80000      1000
   macro avg    0.79327   0.79466   0.79135      1000
weighted avg    0.80713   0.80000   0.80137      1000




Hidden layer Architecture [1025, 100, 5]
epoch: 3000
Training
              precision    recall  f1-score   support

           1    0.99848   0.98845   0.99344      1991
           2    0.95349   0.92406   0.93854      2041
           3    0.81506   0.89432   0.85285      1779
           4    0.83665   0.83333   0.83499      2016
           5    0.93831   0.90290   0.92026      2173

    accuracy                        0.90870     10000
   macro avg    0.90840   0.90861   0.90802     10000
weighted avg    0.91097   0.90870   0.90938     10000

Testing
              precision    recall  f1-score   support

           1    0.98690   0.98261   0.98475       230
           2    0.90404   0.86058   0.88177       208
           3    0.64824   0.79141   0.71271       163
           4    0.70588   0.63768   0.67005       207
           5    0.82888   0.80729   0.81794       192

    accuracy                        0.82100      1000
   macro avg    0.81479   0.81591   0.81344      1000
weighted avg    0.82595   0.82100   0.82182      1000




Hidden layer Architecture [1025, 100, 5]
epoch: 3500
Training
              precision    recall  f1-score   support

           1    0.99899   0.98994   0.99444      1989
           2    0.95956   0.94100   0.95019      2017
           3    0.86936   0.91237   0.89035      1860
           4    0.87600   0.89608   0.88592      1963
           5    0.96748   0.93183   0.94932      2171

    accuracy                        0.93460     10000
   macro avg    0.93428   0.93424   0.93404     10000
weighted avg    0.93594   0.93460   0.93506     10000

Testing
              precision    recall  f1-score   support

           1    0.98690   0.98261   0.98475       230
           2    0.90404   0.86893   0.88614       206
           3    0.67337   0.79290   0.72826       169
           4    0.71123   0.65517   0.68205       203
           5    0.83957   0.81771   0.82850       192

    accuracy                        0.82900      1000
   macro avg    0.82302   0.82346   0.82194      1000
weighted avg    0.83260   0.82900   0.82964      1000




Hidden layer Architecture [1025, 100, 5]
epoch: 4000
Training
              precision    recall  f1-score   support

           1    0.99949   0.99244   0.99596      1985
           2    0.96815   0.95369   0.96086      2008
           3    0.90113   0.93167   0.91615      1888
           4    0.90787   0.93153   0.91955      1957
           5    0.98278   0.95051   0.96638      2162

    accuracy                        0.95220     10000
   macro avg    0.95188   0.95197   0.95178     10000
weighted avg    0.95308   0.95220   0.95249     10000

Testing
              precision    recall  f1-score   support

           1    0.98690   0.98690   0.98690       229
           2    0.90404   0.86893   0.88614       206
           3    0.65829   0.77976   0.71390       168
           4    0.68449   0.63054   0.65641       203
           5    0.82353   0.79381   0.80840       194

    accuracy                        0.81800      1000
   macro avg    0.81145   0.81199   0.81035      1000
weighted avg    0.82154   0.81800   0.81856      1000




Hidden layer Architecture [1025, 100, 5]
epoch: 4500
Training
              precision    recall  f1-score   support

           1    0.99949   0.99495   0.99722      1980
           2    0.97674   0.96311   0.96988      2006
           3    0.92879   0.94921   0.93889      1910
           4    0.94124   0.95842   0.94975      1972
           5    0.99091   0.97186   0.98129      2132

    accuracy                        0.96770     10000
   macro avg    0.96744   0.96751   0.96741     10000
weighted avg    0.96811   0.96770   0.96784     10000

Testing
              precision    recall  f1-score   support

           1    0.98690   0.98690   0.98690       229
           2    0.90909   0.86957   0.88889       207
           3    0.66332   0.77647   0.71545       170
           4    0.68449   0.64000   0.66150       200
           5    0.83422   0.80412   0.81890       194

    accuracy                        0.82200      1000
   macro avg    0.81560   0.81541   0.81433      1000
weighted avg    0.82568   0.82200   0.82279      1000




Hidden layer Architecture [1025, 100, 5]
epoch: 5000
Training
              precision    recall  f1-score   support

           1    1.00000   0.99545   0.99772      1980
           2    0.98079   0.97097   0.97586      1998
           3    0.94672   0.96754   0.95702      1910
           4    0.97062   0.97159   0.97110      2006
           5    0.99378   0.98670   0.99023      2106

    accuracy                        0.97860     10000
   macro avg    0.97838   0.97845   0.97839     10000
weighted avg    0.97878   0.97860   0.97866     10000

Testing
              precision    recall  f1-score   support

           1    0.98690   0.98690   0.98690       229
           2    0.91414   0.87019   0.89163       208
           3    0.66332   0.78571   0.71935       168
           4    0.67914   0.63819   0.65803       199
           5    0.83422   0.79592   0.81462       196

    accuracy                        0.82200      1000
   macro avg    0.81555   0.81538   0.81410      1000
weighted avg    0.82624   0.82200   0.82292      1000

