Hidden layer Architecture [1025, 512, 256, 128, 64, 5]
epoch: 500
Training
              precision    recall  f1-score   support

           1    0.00000   0.00000   0.00000         0
           2    0.00000   0.00000   0.00000         0
           3    0.00000   0.00000   0.00000         0
           4    0.00000   0.00000   0.00000         0
           5    1.00000   0.20910   0.34588     10000

    accuracy                        0.20910     10000
   macro avg    0.20000   0.04182   0.06918     10000
weighted avg    1.00000   0.20910   0.34588     10000

Testing
              precision    recall  f1-score   support

           1    0.00000   0.00000   0.00000         0
           2    0.00000   0.00000   0.00000         0
           3    0.00000   0.00000   0.00000         0
           4    0.00000   0.00000   0.00000         0
           5    1.00000   0.18700   0.31508      1000

    accuracy                        0.18700      1000
   macro avg    0.20000   0.03740   0.06302      1000
weighted avg    1.00000   0.18700   0.31508      1000




Hidden layer Architecture [1025, 512, 256, 128, 64, 5]
epoch: 1000
Training
              precision    recall  f1-score   support

           1    0.90462   0.88049   0.89239      2025
           2    0.71385   0.71169   0.71277      1984
           3    0.58453   0.59365   0.58906      1922
           4    0.43376   0.52981   0.47700      1644
           5    0.79914   0.68907   0.74004      2425

    accuracy                        0.68780     10000
   macro avg    0.68718   0.68094   0.68225     10000
weighted avg    0.70226   0.68780   0.69322     10000

Testing
              precision    recall  f1-score   support

           1    0.89956   0.91150   0.90549       226
           2    0.71717   0.69268   0.70471       205
           3    0.53769   0.60452   0.56915       177
           4    0.49733   0.50270   0.50000       185
           5    0.74866   0.67633   0.71066       207

    accuracy                        0.68800      1000
   macro avg    0.68008   0.67755   0.67800      1000
weighted avg    0.69247   0.68800   0.68945      1000




Hidden layer Architecture [1025, 512, 256, 128, 64, 5]
epoch: 1500
Training
              precision    recall  f1-score   support

           1    0.97057   0.96714   0.96885      1978
           2    0.84429   0.85509   0.84966      1953
           3    0.69775   0.69739   0.69757      1953
           4    0.54034   0.60648   0.57150      1789
           5    0.82688   0.74302   0.78271      2327

    accuracy                        0.77590     10000
   macro avg    0.77596   0.77382   0.77406     10000
weighted avg    0.78222   0.77590   0.77819     10000

Testing
              precision    recall  f1-score   support

           1    0.99127   0.97845   0.98482       232
           2    0.83333   0.85938   0.84615       192
           3    0.68342   0.70103   0.69211       194
           4    0.59893   0.60541   0.60215       185
           5    0.78075   0.74112   0.76042       197

    accuracy                        0.78600      1000
   macro avg    0.77754   0.77708   0.77713      1000
weighted avg    0.78717   0.78600   0.78641      1000




Hidden layer Architecture [1025, 512, 256, 128, 64, 5]
epoch: 2000
Training
              precision    recall  f1-score   support

           1    0.98478   0.99233   0.98854      1956
           2    0.91153   0.92652   0.91896      1946
           3    0.78484   0.79255   0.78867      1933
           4    0.60757   0.67891   0.64126      1797
           5    0.86753   0.76605   0.81364      2368

    accuracy                        0.83100     10000
   macro avg    0.83125   0.83127   0.83021     10000
weighted avg    0.83633   0.83100   0.83254     10000

Testing
              precision    recall  f1-score   support

           1    0.99127   0.99127   0.99127       229
           2    0.88384   0.87500   0.87940       200
           3    0.69849   0.76374   0.72966       182
           4    0.60963   0.61957   0.61456       184
           5    0.81818   0.74634   0.78061       205

    accuracy                        0.80800      1000
   macro avg    0.80028   0.79918   0.79910      1000
weighted avg    0.81079   0.80800   0.80878      1000




Hidden layer Architecture [1025, 512, 256, 128, 64, 5]
epoch: 2500
Training
              precision    recall  f1-score   support

           1    0.99391   0.99290   0.99341      1973
           2    0.94237   0.94237   0.94237      1978
           3    0.83453   0.83367   0.83410      1954
           4    0.65787   0.72863   0.69144      1813
           5    0.87040   0.79755   0.83238      2282

    accuracy                        0.85930     10000
   macro avg    0.85981   0.85902   0.85874     10000
weighted avg    0.86346   0.85930   0.86069     10000

Testing
              precision    recall  f1-score   support

           1    0.99127   0.98696   0.98911       230
           2    0.89394   0.89848   0.89620       197
           3    0.73869   0.77368   0.75578       190
           4    0.62567   0.62903   0.62735       186
           5    0.81283   0.77157   0.79167       197

    accuracy                        0.82000      1000
   macro avg    0.81248   0.81194   0.81202      1000
weighted avg    0.82095   0.82000   0.82029      1000




