Hidden layer Architecture [1025, 100, 50, 5]
epoch: 500
Training
              precision    recall  f1-score   support

           1    0.94521   0.93618   0.94067      1990
           2    0.77958   0.81030   0.79464      1903
           3    0.67008   0.66565   0.66786      1965
           4    0.50598   0.60047   0.54919      1692
           5    0.84696   0.72286   0.78000      2450

    accuracy                        0.75000     10000
   macro avg    0.74956   0.74709   0.74647     10000
weighted avg    0.76124   0.75000   0.75367     10000

Testing
              precision    recall  f1-score   support

           1    0.94760   0.95175   0.94967       228
           2    0.76263   0.80749   0.78442       187
           3    0.65829   0.66497   0.66162       197
           4    0.54545   0.57627   0.56044       177
           5    0.79144   0.70142   0.74372       211

    accuracy                        0.74900      1000
   macro avg    0.74108   0.74038   0.73997      1000
weighted avg    0.75189   0.74900   0.74967      1000




Hidden layer Architecture [1025, 100, 50, 5]
epoch: 1000
Training
              precision    recall  f1-score   support

           1    0.96043   0.99370   0.97678      1905
           2    0.86704   0.91223   0.88906      1880
           3    0.75922   0.77673   0.76788      1908
           4    0.59612   0.67780   0.63434      1766
           5    0.90579   0.74538   0.81779      2541

    accuracy                        0.81810     10000
   macro avg    0.81772   0.82117   0.81717     10000
weighted avg    0.82626   0.81810   0.81956     10000

Testing
              precision    recall  f1-score   support

           1    0.95633   1.00000   0.97768       219
           2    0.84848   0.86154   0.85496       195
           3    0.68844   0.74457   0.71540       184
           4    0.60428   0.62431   0.61413       181
           5    0.87701   0.74208   0.80392       221

    accuracy                        0.80100      1000
   macro avg    0.79491   0.79450   0.79322      1000
weighted avg    0.80476   0.80100   0.80129      1000




Hidden layer Architecture [1025, 100, 50, 5]
epoch: 1500
Training
              precision    recall  f1-score   support

           1    0.98224   0.99640   0.98927      1943
           2    0.92417   0.95807   0.94081      1908
           3    0.84324   0.85953   0.85131      1915
           4    0.66683   0.76080   0.71072      1760
           5    0.92348   0.78052   0.84600      2474

    accuracy                        0.86800     10000
   macro avg    0.86799   0.87106   0.86762     10000
weighted avg    0.87449   0.86800   0.86914     10000

Testing
              precision    recall  f1-score   support

           1    0.98253   0.99119   0.98684       227
           2    0.89899   0.90355   0.90127       197
           3    0.73869   0.83523   0.78400       176
           4    0.73797   0.69000   0.71318       200
           5    0.86096   0.80500   0.83204       200

    accuracy                        0.84900      1000
   macro avg    0.84383   0.84499   0.84347      1000
weighted avg    0.84993   0.84900   0.84859      1000




Hidden layer Architecture [1025, 100, 50, 5]
epoch: 2000
Training
              precision    recall  f1-score   support

           1    0.98833   0.99693   0.99261      1954
           2    0.94590   0.97144   0.95850      1926
           3    0.89959   0.90469   0.90213      1941
           4    0.76544   0.82991   0.79637      1852
           5    0.92779   0.83369   0.87823      2327

    accuracy                        0.90520     10000
   macro avg    0.90541   0.90733   0.90557     10000
weighted avg    0.90757   0.90520   0.90552     10000

Testing
              precision    recall  f1-score   support

           1    0.98690   0.99123   0.98906       228
           2    0.91919   0.90547   0.91228       201
           3    0.75377   0.85227   0.80000       176
           4    0.75401   0.69458   0.72308       203
           5    0.84492   0.82292   0.83377       192

    accuracy                        0.85700      1000
   macro avg    0.85176   0.85329   0.85164      1000
weighted avg    0.85772   0.85700   0.85654      1000




Hidden layer Architecture [1025, 100, 50, 5]
epoch: 2500
Training
              precision    recall  f1-score   support

           1    0.99391   0.99695   0.99543      1965
           2    0.96411   0.97695   0.97048      1952
           3    0.93289   0.93433   0.93361      1949
           4    0.86056   0.89349   0.87671      1934
           5    0.94835   0.90136   0.92426      2200

    accuracy                        0.93980     10000
   macro avg    0.93996   0.94061   0.94010     10000
weighted avg    0.94039   0.93980   0.93989     10000

Testing
              precision    recall  f1-score   support

           1    0.98690   0.99123   0.98906       228
           2    0.92424   0.90594   0.91500       202
           3    0.76884   0.84066   0.80315       182
           4    0.73262   0.69898   0.71540       196
           5    0.84492   0.82292   0.83377       192

    accuracy                        0.85700      1000
   macro avg    0.85151   0.85194   0.85128      1000
weighted avg    0.85746   0.85700   0.85681      1000




Hidden layer Architecture [1025, 100, 50, 5]
epoch: 3000
Training
              precision    recall  f1-score   support

           1    0.99239   0.99949   0.99593      1957
           2    0.97068   0.98310   0.97685      1953
           3    0.95082   0.94936   0.95009      1955
           4    0.87550   0.93760   0.90549      1875
           5    0.98135   0.90796   0.94323      2260

    accuracy                        0.95420     10000
   macro avg    0.95415   0.95550   0.95432     10000
weighted avg    0.95561   0.95420   0.95437     10000

Testing
              precision    recall  f1-score   support

           1    0.98253   0.99558   0.98901       226
           2    0.91414   0.89604   0.90500       202
           3    0.78392   0.82540   0.80412       189
           4    0.69519   0.72626   0.71038       179
           5    0.87701   0.80392   0.83887       204

    accuracy                        0.85600      1000
   macro avg    0.85056   0.84944   0.84948      1000
weighted avg    0.85822   0.85600   0.85659      1000




Hidden layer Architecture [1025, 100, 50, 5]
epoch: 3500
Training
              precision    recall  f1-score   support

           1    0.98427   1.00000   0.99207      1940
           2    0.95298   0.98331   0.96791      1917
           3    0.94621   0.94767   0.94694      1949
           4    0.89542   0.94433   0.91922      1904
           5    0.99857   0.91179   0.95321      2290

    accuracy                        0.95580     10000
   macro avg    0.95549   0.95742   0.95587     10000
weighted avg    0.95721   0.95580   0.95587     10000

Testing
              precision    recall  f1-score   support

           1    0.96943   0.99552   0.98230       223
           2    0.88889   0.89340   0.89114       197
           3    0.76884   0.81818   0.79275       187
           4    0.69519   0.71823   0.70652       181
           5    0.89840   0.79245   0.84211       212

    accuracy                        0.84900      1000
   macro avg    0.84415   0.84356   0.84296      1000
weighted avg    0.85136   0.84900   0.84926      1000




Hidden layer Architecture [1025, 100, 50, 5]
epoch: 4000
Training
              precision    recall  f1-score   support

           1    0.99594   1.00000   0.99797      1963
           2    0.98686   0.99592   0.99137      1960
           3    0.99232   0.98275   0.98751      1971
           4    0.98755   0.98657   0.98706      2010
           5    0.99426   0.99189   0.99307      2096

    accuracy                        0.99140     10000
   macro avg    0.99138   0.99142   0.99139     10000
weighted avg    0.99141   0.99140   0.99139     10000

Testing
              precision    recall  f1-score   support

           1    0.98253   0.98684   0.98468       228
           2    0.90909   0.89109   0.90000       202
           3    0.79899   0.81538   0.80711       195
           4    0.72727   0.70466   0.71579       193
           5    0.81283   0.83516   0.82385       182

    accuracy                        0.85200      1000
   macro avg    0.84615   0.84663   0.84629      1000
weighted avg    0.85176   0.85200   0.85178      1000




Hidden layer Architecture [1025, 100, 50, 5]
epoch: 4500
Training
              precision    recall  f1-score   support

           1    0.99899   1.00000   0.99949      1969
           2    0.99848   0.99899   0.99874      1977
           3    0.99846   0.99388   0.99617      1961
           4    0.99502   0.99354   0.99428      2011
           5    0.99522   0.99952   0.99736      2082

    accuracy                        0.99720     10000
   macro avg    0.99723   0.99718   0.99721     10000
weighted avg    0.99720   0.99720   0.99720     10000

Testing
              precision    recall  f1-score   support

           1    0.99127   0.98268   0.98696       231
           2    0.91919   0.89655   0.90773       203
           3    0.80905   0.81726   0.81313       197
           4    0.72193   0.71429   0.71809       189
           5    0.80749   0.83889   0.82289       180

    accuracy                        0.85600      1000
   macro avg    0.84978   0.84993   0.84976      1000
weighted avg    0.85675   0.85600   0.85628      1000




Hidden layer Architecture [1025, 100, 50, 5]
epoch: 5000
Training
              precision    recall  f1-score   support

           1    1.00000   1.00000   1.00000      1971
           2    1.00000   1.00000   1.00000      1978
           3    0.99949   0.99693   0.99821      1957
           4    0.99701   0.99850   0.99776      2005
           5    0.99904   1.00000   0.99952      2089

    accuracy                        0.99910     10000
   macro avg    0.99911   0.99909   0.99910     10000
weighted avg    0.99910   0.99910   0.99910     10000

Testing
              precision    recall  f1-score   support

           1    1.00000   0.98283   0.99134       233
           2    0.92424   0.89706   0.91045       204
           3    0.78894   0.80928   0.79898       194
           4    0.72193   0.70681   0.71429       191
           5    0.80749   0.84831   0.82740       178

    accuracy                        0.85500      1000
   macro avg    0.84852   0.84886   0.84849      1000
weighted avg    0.85622   0.85500   0.85542      1000




Hidden layer Architecture [1025, 100, 50, 5]
epoch: 5500
Training
              precision    recall  f1-score   support

           1    1.00000   1.00000   1.00000      1971
           2    1.00000   1.00000   1.00000      1978
           3    1.00000   1.00000   1.00000      1952
           4    1.00000   1.00000   1.00000      2008
           5    1.00000   1.00000   1.00000      2091

    accuracy                        1.00000     10000
   macro avg    1.00000   1.00000   1.00000     10000
weighted avg    1.00000   1.00000   1.00000     10000

Testing
              precision    recall  f1-score   support

           1    1.00000   0.98283   0.99134       233
           2    0.91919   0.89216   0.90547       204
           3    0.78392   0.80412   0.79389       194
           4    0.72727   0.70833   0.71768       192
           5    0.80749   0.85311   0.82967       177

    accuracy                        0.85400      1000
   macro avg    0.84757   0.84811   0.84761      1000
weighted avg    0.85516   0.85400   0.85436      1000




Hidden layer Architecture [1025, 100, 50, 5]
epoch: 6000
Training
              precision    recall  f1-score   support

           1    1.00000   1.00000   1.00000      1971
           2    1.00000   1.00000   1.00000      1978
           3    1.00000   1.00000   1.00000      1952
           4    1.00000   1.00000   1.00000      2008
           5    1.00000   1.00000   1.00000      2091

    accuracy                        1.00000     10000
   macro avg    1.00000   1.00000   1.00000     10000
weighted avg    1.00000   1.00000   1.00000     10000

Testing
              precision    recall  f1-score   support

           1    1.00000   0.98283   0.99134       233
           2    0.91414   0.88725   0.90050       204
           3    0.77387   0.79793   0.78571       193
           4    0.72193   0.71053   0.71618       190
           5    0.81818   0.85000   0.83379       180

    accuracy                        0.85200      1000
   macro avg    0.84562   0.84571   0.84550      1000
weighted avg    0.85328   0.85200   0.85248      1000




Hidden layer Architecture [1025, 100, 50, 5]
epoch: 6500
Training
              precision    recall  f1-score   support

           1    1.00000   1.00000   1.00000      1971
           2    1.00000   1.00000   1.00000      1978
           3    1.00000   1.00000   1.00000      1952
           4    1.00000   1.00000   1.00000      2008
           5    1.00000   1.00000   1.00000      2091

    accuracy                        1.00000     10000
   macro avg    1.00000   1.00000   1.00000     10000
weighted avg    1.00000   1.00000   1.00000     10000

Testing
              precision    recall  f1-score   support

           1    1.00000   0.98283   0.99134       233
           2    0.91414   0.88725   0.90050       204
           3    0.77387   0.79793   0.78571       193
           4    0.71658   0.71277   0.71467       188
           5    0.82353   0.84615   0.83469       182

    accuracy                        0.85200      1000
   macro avg    0.84562   0.84539   0.84538      1000
weighted avg    0.85344   0.85200   0.85260      1000




Hidden layer Architecture [1025, 100, 50, 5]
epoch: 7000
Training
              precision    recall  f1-score   support

           1    1.00000   1.00000   1.00000      1971
           2    1.00000   1.00000   1.00000      1978
           3    1.00000   1.00000   1.00000      1952
           4    1.00000   1.00000   1.00000      2008
           5    1.00000   1.00000   1.00000      2091

    accuracy                        1.00000     10000
   macro avg    1.00000   1.00000   1.00000     10000
weighted avg    1.00000   1.00000   1.00000     10000

Testing
              precision    recall  f1-score   support

           1    1.00000   0.98283   0.99134       233
           2    0.91919   0.88780   0.90323       205
           3    0.76382   0.80000   0.78149       190
           4    0.72193   0.70681   0.71429       191
           5    0.82353   0.85083   0.83696       181

    accuracy                        0.85200      1000
   macro avg    0.84569   0.84565   0.84546      1000
weighted avg    0.85351   0.85200   0.85254      1000




Hidden layer Architecture [1025, 100, 50, 5]
epoch: 7500
Training
              precision    recall  f1-score   support

           1    1.00000   1.00000   1.00000      1971
           2    1.00000   1.00000   1.00000      1978
           3    1.00000   1.00000   1.00000      1952
           4    1.00000   1.00000   1.00000      2008
           5    1.00000   1.00000   1.00000      2091

    accuracy                        1.00000     10000
   macro avg    1.00000   1.00000   1.00000     10000
weighted avg    1.00000   1.00000   1.00000     10000

Testing
              precision    recall  f1-score   support

           1    1.00000   0.98283   0.99134       233
           2    0.92424   0.88835   0.90594       206
           3    0.76382   0.80851   0.78553       188
           4    0.72727   0.71204   0.71958       191
           5    0.82888   0.85165   0.84011       182

    accuracy                        0.85500      1000
   macro avg    0.84884   0.84868   0.84850      1000
weighted avg    0.85676   0.85500   0.85562      1000




Hidden layer Architecture [1025, 100, 50, 5]
epoch: 8000
Training
              precision    recall  f1-score   support

           1    1.00000   1.00000   1.00000      1971
           2    1.00000   1.00000   1.00000      1978
           3    1.00000   1.00000   1.00000      1952
           4    1.00000   1.00000   1.00000      2008
           5    1.00000   1.00000   1.00000      2091

    accuracy                        1.00000     10000
   macro avg    1.00000   1.00000   1.00000     10000
weighted avg    1.00000   1.00000   1.00000     10000

Testing
              precision    recall  f1-score   support

           1    1.00000   0.98283   0.99134       233
           2    0.92929   0.88889   0.90864       207
           3    0.76382   0.81283   0.78756       187
           4    0.72727   0.70833   0.71768       192
           5    0.82353   0.85083   0.83696       181

    accuracy                        0.85500      1000
   macro avg    0.84878   0.84874   0.84844      1000
weighted avg    0.85689   0.85500   0.85563      1000



